1153
1169
1176
1165
1129
1201
1181
1160
1149
1131
1156
1173
1124
1157
1158
1161
1191
1137
1170
1151
1145
1123
1143
1171
1133
1142
1172
1150
1136
1138
1180
1128
1121
1148
1140
1132
1159
1114
1182
1139
1108
1163
1187
1116
1168
1134
1175
1155
1203
1125
1135
1152
1164
1179
1120
1154
1113
1166
1146
1144
1162
1109
1130
1147
1122
1127
1200
1126
1112
1195
1183
1106
1177
1178
1141
1167
1190
1196
1188
1192
1205
1117
1119
1193
1186
1118
1098
1105
1185
1184
1115
1103
1174
1101
1204
1189
1198
1111
1194
1104
1102