2073
2074
2035
2025
2044
2056
2029
2027
2051
2052
2054
2030
2078
2043
2022
2053
2040
2055
2068
2008
2063
2077
2038
2057
2065
2034
2049
2105
2007
2104
2064
2076
2081
2089
2083
2101
2084
2042
2050
2061
2019
2023
2046
2067
2031
2102
2086
2021
1993
2066
2010
2020
2003
2037
2047
2097
2062
2032
2079
2110
2072
2045
2070
2015
2098
2000
2112
2041
2075
2033
2071
2096
2087
2024
2048
2082
2118
2091
2080
2036
2006
2026
2017
2085
2117
2016
2060
2028
2058
2039
2059
2013
2069
2092
2090
1997
2122
2093
2100
2103
2109
2088
1996
1989
2107
2018
2115
2108
2001
1990
2014
2002
2121
2099
2094
2004
1986
1966
2111
2095
2113
2119
2012
1985
1999