129.74376678466797
129.75842952728271
131.4980983734131
132.5711727142334
132.69612789154053
132.67476558685303
132.6571226119995
132.69572257995605
132.76562690734863
132.74686336517334
132.84571170806885
132.88145065307617
132.92341232299805
132.92171955108643
133.07669162750244
133.19580554962158
133.26754570007324
133.25605392456055
133.3218812942505
133.37626457214355
133.455228805542
133.44502449035645
133.34589004516602
133.34858417510986
133.40575695037842
133.42440128326416
133.39555263519287
133.4575891494751
133.5859775543213
133.51290225982666
133.51378440856934
133.68017673492432
133.6609125137329
133.76328945159912
133.78822803497314
133.78987312316895
133.8181495666504
133.75415802001953
133.87548923492432
133.8778257369995
133.9808225631714
133.97374153137207
133.96146297454834
134.14547443389893
134.2235803604126
134.37399864196777
134.4320774078369
134.38096046447754
134.3360424041748
134.37271118164062
134.50109958648682
134.51781272888184
134.63473320007324
134.57438945770264
134.6827268600464
134.69138145446777
134.70218181610107
134.686017036438
134.87703800201416
134.93974208831787
134.97135639190674
134.9294900894165
134.98075008392334
134.9902629852295
134.97188091278076
134.98923778533936
135.04843711853027
135.079026222229
135.13104915618896
135.1733922958374
135.2433681488037
135.20491123199463
135.25409698486328
135.32860279083252
135.55035591125488
135.64729690551758
135.7339382171631
135.70516109466553
135.7407569885254
135.8384370803833
135.89911460876465
135.94918251037598
135.93969345092773
135.96489429473877
136.0119104385376
136.1023187637329
136.08765602111816
136.14614009857178
136.1253261566162
136.1588716506958
136.20469570159912
136.2967014312744
136.35334968566895
136.41414642333984
136.43429279327393
136.3119125366211
136.3102674484253
136.36047840118408
136.57360076904297
136.91284656524658
136.61456108093262
136.52501106262207
136.5675926208496
136.67805194854736
136.93084716796875
137.12258338928223
137.0657444000244
137.09094524383545
137.15953826904297
137.1753692626953
137.23526000976562
137.24017143249512
137.28268146514893
137.3021364212036
137.36863136291504
137.377667427063
137.40522861480713
137.4049186706543
137.51451969146729
137.47971057891846
137.49287128448486
137.54231929779053
137.5568389892578
137.53836154937744
137.57338523864746
137.48695850372314
137.41724491119385
137.518310546875