223.4257459640503
223.96581172943115
224.06721115112305
223.78528118133545
224.09861087799072
223.995041847229
224.22003746032715
224.57470893859863
224.56881999969482
224.7453212738037
224.83930587768555
225.21119117736816
225.10144710540771
225.55055618286133
225.39920806884766
225.7713794708252
225.73604583740234
226.1714220046997
226.05772018432617
226.4099359512329
226.56004428863525
226.38704776763916
226.74198150634766
226.92890167236328
226.96220874786377
226.90584659576416
227.27913856506348
227.60729789733887
227.74739265441895
227.57863998413086
227.51474380493164
227.88963317871094
228.03184986114502
228.0165672302246
228.2935380935669
228.7315845489502
228.92210483551025
228.98616790771484
229.3156385421753
229.3152093887329
229.44247722625732
229.74226474761963
230.02662658691406
230.03604412078857
230.259370803833
230.23393154144287
230.58195114135742
231.18994235992432
231.4039945602417
230.9570074081421
231.4725160598755
231.6483497619629
231.21018409729004
231.36680126190186
231.79197311401367
231.83801174163818
231.73015117645264
232.22169876098633
232.47299194335938
232.24778175354004
232.40966796875
232.55062103271484
232.65573978424072
232.87122249603271
232.84077644348145
233.13021659851074
233.70776176452637
233.46364498138428
233.5113286972046
233.65654945373535
233.9167594909668
234.03100967407227
234.12692546844482
234.21401977539062
234.2756748199463
234.5055341720581
234.53171253204346
235.16390323638916
234.76998805999756
235.16581058502197
235.52298545837402
235.77258586883545
235.62493324279785
235.956072807312
235.95130443572998
235.85667610168457
236.04466915130615
236.0726833343506
236.14041805267334
236.32683753967285
236.50147914886475
236.77713871002197
236.8415355682373
236.9145631790161
236.89632415771484
237.27593421936035
237.15734481811523
237.3197317123413
237.6002550125122
237.77282238006592
238.01753520965576
238.0985975265503
238.0767822265625
238.30204010009766
238.89329433441162
238.79835605621338
238.7181043624878
238.6969804763794
239.1695737838745
239.4475221633911
239.59951400756836
239.46096897125244
239.55175876617432
239.78443145751953
239.83778953552246
239.99168872833252
240.3456687927246
240.28828144073486
240.49158096313477
240.95032215118408
240.80371856689453
240.8252716064453
241.00074768066406
241.15331172943115
241.29412174224854
241.39676094055176
241.62719249725342
241.7900562286377
242.44415760040283
242.30058193206787
242.290997505188
242.68581867218018
242.94757843017578
242.79615879058838
242.8344488143921
242.9795742034912
243.34359169006348