839.1276121139526
835.7719659805298
836.4377021789551
837.6816749572754
837.3938083648682
840.1490449905396
841.83669090271
841.7114496231079
841.318941116333
841.9602632522583
841.4673805236816
842.0549154281616
841.0328388214111
842.3159599304199
843.0783987045288
842.4239158630371
842.3645973205566
841.6356563568115
841.8197393417358
842.1711206436157
841.9130086898804
842.774248123169
844.2559719085693
845.2973365783691
843.6984062194824
844.241738319397
844.1596508026123
844.2060947418213
846.1752653121948
845.0053453445435
844.9180126190186
844.9290990829468
844.9896097183228
845.6530094146729
845.7981824874878
845.9748983383179
844.5699214935303
845.5585718154907
847.4351167678833
846.4087009429932
846.8229293823242
846.657395362854
847.2907066345215
847.3241329193115
846.5309619903564
845.9635257720947
846.984338760376
846.8443393707275
847.5290536880493
847.6988315582275
846.5587139129639
846.2351560592651
847.1551179885864
847.1818923950195
849.5144128799438
846.9331979751587
847.3147869110107
846.6508388519287
846.9807147979736
847.7635622024536
848.414134979248
848.9350080490112
847.7032423019409
849.1901397705078
848.4824180603027
847.9036331176758
848.4072685241699
848.5298156738281
849.5323419570923
849.7207641601562
850.0848770141602
850.5796670913696
849.3300437927246
850.4821062088013
850.1519441604614
850.6298303604126
851.1431694030762
850.12526512146
850.9996891021729
851.4381408691406
850.9050369262695
851.5131235122681
852.4228572845459
851.5484094619751
851.8861532211304
852.4631977081299
853.0541896820068
852.709150314331
853.6398410797119
851.6158819198608
852.2229909896851
852.1005868911743
852.2049903869629
851.7783403396606
851.6886234283447
852.7262449264526
852.580451965332
852.3683309555054
852.4957656860352
853.4195184707642
853.158688545227
853.2424449920654
853.9824962615967
854.3533325195312
854.17799949646
855.3254127502441
853.9349794387817
855.2645444869995
855.5315256118774
855.3682327270508
856.1401128768921
855.1163196563721
855.7408332824707
856.0845613479614
857.7555656433105
856.8766832351685
857.4190378189087
857.3879957199097
857.3566913604736
857.392954826355
856.1384439468384
856.067156791687
856.6337823867798
856.9421291351318
857.4687957763672
856.7172050476074
856.7614316940308
856.8085670471191
857.1116924285889
862.2989416122437
857.5873851776123
857.856011390686
857.4948787689209
858.4792613983154
858.0610036849976
858.4652423858643
858.1037521362305
859.3015909194946
861.2919807434082
859.0494871139526
860.6742858886719
860.1750135421753
860.4331970214844
860.2048873901367
860.8423948287964
860.0449562072754
860.0150346755981
860.3039503097534
860.6555461883545
861.1064672470093
861.4657640457153
860.9886884689331
861.3330841064453
861.7287874221802
862.24205493927
862.2830867767334
861.3036394119263
862.2268676757812
862.8798007965088
863.9662981033325
861.9392395019531
864.7671937942505
864.4817113876343
863.273549079895
863.292932510376
862.7748966217041
862.4398231506348
862.3635530471802
862.9213809967041
862.8865957260132
863.5201215744019
862.9079580307007
863.7592077255249
863.4294509887695
864.1140460968018
863.864254951477
863.8300657272339
864.2035245895386
864.8077964782715
864.495062828064
865.1132583618164
864.6286249160767
864.6389722824097
865.7607316970825
866.2366628646851
866.0883188247681
866.3939237594604
867.5482273101807
866.9772624969482
866.9752359390259
866.4203643798828
867.636775970459
867.479681968689
867.707633972168
868.3390140533447
867.3686981201172
867.7658319473267
869.1375494003296
868.8159227371216
867.926549911499
867.8849220275879
869.0843105316162
868.6886787414551
869.8590040206909
868.9053058624268
869.3413019180298
869.3957090377808
870.3503847122192
868.9971208572388
869.7542428970337
869.1450357437134
869.0417528152466
870.6785678863525
869.6826934814453
869.7972536087036
870.415472984314
871.2485313415527
870.9675550460815
870.7472801208496
870.281720161438
870.9900617599487
871.4248180389404
873.1275320053101
876.1738300323486
871.7792510986328
873.8957405090332
872.9651927947998
871.8066930770874
872.5363731384277
872.5258111953735
873.8757848739624
873.5776424407959
874.2486953735352
873.4150409698486
873.8631010055542
873.3055353164673
874.2666482925415
874.0562438964844
873.5517978668213
874.4467258453369
874.9627113342285
874.354076385498
873.9509105682373
874.3236541748047
875.3090620040894
874.7966289520264
874.5282888412476
875.8842945098877
875.6397724151611
882.0374250411987
875.2580642700195
874.4442701339722
875.3671169281006
874.8372316360474
875.4041910171509
875.9167909622192
876.0274171829224
873.1232404708862
873.0027198791504
873.1502771377563
873.0559587478638
874.4958162307739
874.2754459381104
873.4871625900269
873.7282752990723
873.3707904815674
872.2187995910645
874.0910768508911
874.0617275238037
873.7525701522827
873.9023923873901
873.8498449325562
873.1012582778931
874.1544246673584
874.2039442062378
874.5083808898926
874.7886180877686
875.4492998123169
875.4941701889038
875.4081010818481
874.7413635253906
875.152587890625
875.6925821304321
876.0129451751709
876.0087728500366
876.518964767456
876.2879371643066
876.2684345245361
876.0130882263184
877.1374464035034
876.9994258880615
877.3607969284058
878.1163930892944
877.7895212173462
877.8369903564453
877.9704332351685
878.8629293441772
878.5937786102295
878.9715051651001
879.201865196228
878.5118818283081
879.7628879547119
880.1829099655151
879.7316551208496
879.0520906448364
879.1792631149292
880.4743528366089
879.8664808273315
880.0493240356445
879.9561500549316
880.2958250045776
881.1908721923828
881.1691999435425
882.4846744537354
881.3883543014526
881.5054893493652
881.9985389709473
881.8600654602051
882.7769756317139
883.1864595413208
882.4855089187622
881.9717645645142
882.8607559204102
882.9085350036621
883.3202600479126
883.0600023269653
883.5178136825562
883.8200807571411
883.839225769043
883.5835456848145
883.8348388671875
884.1720581054688
883.8965177536011
885.1151704788208
884.3435049057007
884.6842288970947
885.3472948074341
884.7118377685547
885.4681253433228
885.6996774673462
884.9349975585938
886.2106800079346
886.7780208587646
885.7397079467773
886.0540390014648
885.1573944091797
885.7485771179199
885.9934568405151
886.9629621505737
886.7052793502808
886.3852500915527
888.2664203643799
886.417555809021
886.3706827163696
888.2553339004517
886.9170904159546
888.1234884262085
888.2964372634888
887.5839948654175
888.0989789962769
888.4493112564087
887.6794815063477
889.1179800033569
888.6337041854858
890.6416654586792
889.2129421234131
889.5190954208374
889.2876386642456
889.0214443206787
890.1632785797119
889.6143674850464
888.6182069778442
888.8243675231934
888.5030508041382
888.5123014450073
889.2807006835938
888.0858182907104
889.1428709030151
889.4424676895142
888.9113426208496
889.4917011260986
890.9227848052979
890.8069610595703
891.3458824157715
891.3236856460571
890.3214693069458
890.3513193130493
890.6491041183472
892.0390367507935
891.7611598968506
891.1043167114258
891.0151481628418
891.4815664291382
891.7360305786133
891.3904905319214
891.5932655334473
891.8469429016113
892.6862239837646
893.010687828064
892.9001331329346
892.3452615737915
893.3007955551147
892.9371356964111
892.8397178649902
892.7132368087769
893.0062294006348
893.2398796081543
893.8890218734741
894.1288232803345
894.0366506576538
894.8685884475708
894.7514295578003
894.24729347229
897.3368167877197
895.0037717819214
895.2551364898682
895.7100868225098
896.4340925216675
894.8912858963013
895.7540988922119
896.1479902267456
895.3140020370483
896.0394144058228
894.9434041976929
895.8263397216797
896.5747117996216
896.8554258346558
896.569299697876
896.5385675430298
897.3614454269409
897.0301151275635
898.5858917236328
899.2147445678711
897.6804494857788
897.7383613586426
898.1665372848511
897.5658178329468
898.3701229095459
898.7526893615723
898.5820293426514
898.658299446106
899.8754262924194
899.5903968811035
899.3424415588379
899.6432304382324
898.9691019058228
899.9311685562134
900.4216432571411
899.9408960342407
899.4276762008667
901.182222366333
900.0991344451904
900.0032424926758
900.4836559295654
900.8091926574707
901.5786170959473
900.9120464324951
901.9611597061157
901.3728380203247
901.7097234725952
901.0886907577515
902.2723436355591
901.220703125
902.6320219039917
902.2484540939331
902.519154548645
901.7826557159424
904.8040866851807
903.205680847168
902.9924869537354
902.8227090835571
903.9626359939575
903.176760673523
904.1504144668579
904.8366546630859
903.6584854125977
904.4240236282349
904.8417329788208
905.2760362625122
904.7407388687134
905.4139614105225
906.349778175354
906.1993837356567
904.117751121521
904.3514251708984
904.6871900558472
906.3724756240845
906.1092615127563
906.8246841430664
905.8753490447998
906.8114280700684
906.2052965164185
905.8073043823242
904.7571897506714
905.4455518722534
906.606650352478
905.976152420044
906.7740678787231
906.5724849700928
906.0165166854858
906.6901922225952
906.9638967514038
907.0584058761597
908.3541631698608
907.4071884155273
907.402753829956
907.272219657898
907.1321725845337
907.3955059051514
907.5550079345703
908.1287622451782
908.1400632858276
909.6859455108643
908.4425210952759
908.981990814209
909.7929000854492
909.886884689331
909.7768783569336
911.5030765533447
909.8811626434326
910.8347415924072
910.4286193847656
911.1481666564941
911.2925291061401
910.9248161315918
910.350513458252
910.7813835144043
912.7848386764526
911.7657661437988
911.3931179046631
911.3658905029297
911.4266633987427
911.0852718353271
912.0096921920776
912.3862981796265
912.3034000396729
912.5298738479614
912.9666805267334
911.4076852798462
912.6119375228882
912.5874519348145
915.3427362442017
913.3752346038818
915.1760339736938
914.4444942474365
912.5930309295654
913.859486579895
914.447832107544
914.1869306564331
915.4109716415405
915.2566194534302
915.0263786315918
913.8657093048096
915.9801244735718
914.5592451095581
916.1205530166626
916.541576385498
917.6377296447754
915.7982110977173
916.7979717254639
915.6250476837158
915.2799844741821
914.8787498474121
915.4937744140625
917.279314994812
915.5731916427612
917.9610013961792
916.202449798584
916.8601989746094
917.5378084182739
917.0923709869385
918.4286117553711
918.2688236236572
918.2830095291138
918.4084177017212
920.6370115280151
920.44358253479
917.3524856567383
919.3346738815308
917.9279565811157
919.0813302993774
918.1808233261108
919.5796251296997
919.067907333374
919.0026521682739
919.4285869598389
919.3483352661133
920.4300165176392
919.2383050918579
921.4473724365234
930.3829431533813
921.3177442550659
920.7414627075195
921.3810443878174
921.1362838745117
920.3770637512207
920.7798719406128
920.8642244338989
921.6815948486328
922.8595972061157
921.2865829467773
920.9877967834473
922.0255851745605
922.971510887146
921.9453573226929
924.5041370391846
924.2741823196411
923.6926078796387
922.9458570480347
922.469973564148
923.164963722229
925.1075744628906
923.1241226196289
922.9716777801514
923.4292030334473
923.9456415176392
923.1186866760254
923.0932950973511
923.1618165969849
924.0069150924683
924.1398096084595
925.4936933517456
924.6331214904785
923.4825372695923
924.0613222122192
924.7484683990479
925.9867429733276
925.9123802185059
925.5669593811035
926.0014057159424
925.2593994140625
925.7267713546753
925.327730178833
926.1121273040771
927.5301933288574
928.6474466323853
927.5012016296387
927.4502754211426
926.3495445251465
926.894736289978
927.8384685516357
928.323483467102
927.5583982467651
927.8281688690186
928.7032127380371
927.5577545166016
928.4539937973022
927.6394605636597
928.5356760025024
929.6156406402588
928.7351608276367
930.0195693969727
929.7754526138306
930.1938533782959
930.9529304504395
930.4844617843628
931.5479516983032
931.6122055053711
929.9373865127563
931.3624143600464
929.2322397232056
931.2731266021729
931.8111419677734
931.8647861480713
932.3690176010132
930.6124210357666
929.6084403991699
930.7503938674927
931.2161207199097
931.0763120651245
932.4550151824951
931.1991930007935
931.9483280181885
932.0590496063232
933.1469058990479
932.9782009124756
934.0761184692383
932.7297925949097
933.2475662231445
932.9193353652954
933.523154258728
932.7018737792969
933.4964275360107
933.6153745651245
933.635401725769
934.1657638549805
934.4533920288086
934.0207099914551
935.4085683822632
935.1115465164185
934.8449230194092
934.5270872116089
935.4882478713989
935.4604721069336
936.2532138824463
935.0804328918457
936.9627237319946
935.9048843383789
935.9705448150635
935.7028484344482
936.1161708831787
937.2447967529297
937.925910949707
936.8403196334839
937.0436906814575
936.5361213684082
936.4259481430054
937.3142957687378
938.1937503814697
937.4156713485718
937.7935886383057
937.4205589294434
939.5918130874634
939.5387411117554
938.9580726623535
938.2462978363037
937.8325462341309
939.1662120819092
938.2797479629517
940.6581878662109
939.4372224807739
939.8550510406494
939.9629592895508
939.7359132766724
939.4669532775879
940.0727987289429
940.0155305862427
940.531587600708
940.6047105789185
940.7398223876953
940.2001857757568
939.9753093719482
940.4729127883911
941.8925285339355
940.7962083816528
940.5699491500854
941.8512105941772
941.3138628005981
941.5724754333496
941.079592704773
942.8766489028931
942.92311668396
943.0414915084839
942.0340299606323
941.7224884033203
943.173098564148
942.2946691513062
942.858099937439
942.4170017242432
943.4373617172241
942.8794384002686
943.3321714401245
943.3157920837402
943.2703971862793
943.3886289596558
943.5238361358643
943.4756278991699
945.0000524520874
943.8914060592651
946.0291147232056
944.9358224868774
944.8336124420166
944.484281539917
944.8800086975098
945.4204797744751
945.0788736343384
947.4523782730103
946.0476398468018
946.649980545044
946.3457584381104
946.3343620300293
946.1884498596191
946.3016986846924
946.2507486343384
946.9550132751465
946.8357563018799
948.2434749603271
946.3724613189697
947.2383499145508
947.0067501068115
947.7937936782837
948.005485534668
947.9877710342407
948.5064744949341
948.4136343002319
947.7594614028931
948.4129905700684
948.4700679779053
948.2625246047974
948.3182668685913
948.4673500061035
949.5778799057007
949.9301433563232
949.4096755981445
949.5012760162354
949.0081071853638
949.9744892120361
950.9566068649292
949.80149269104
949.6492624282837
949.936580657959
950.5140542984009
950.336742401123
949.7856140136719
950.6744146347046
951.2518644332886
950.7806062698364
950.607705116272
952.9107570648193
959.0797662734985
951.5594959259033
951.7314434051514
952.1029233932495
952.4307012557983
952.9011249542236
952.7517795562744
953.0837059020996
952.7251720428467
953.4693717956543
952.6740312576294
953.2405376434326
953.2877445220947
953.1894445419312
953.7840366363525
954.0766954421997
954.559850692749
954.9806594848633
954.0068626403809
954.4602632522583
954.7804117202759
955.0275564193726
954.4561862945557
955.8818817138672
955.6041240692139
954.8846244812012
955.5259466171265
956.0186386108398
955.857253074646
956.0759544372559
956.9685697555542
955.3050994873047
955.9295415878296
956.398868560791
956.5357446670532
956.7729711532593
956.8832159042358
957.7411890029907
956.6602945327759
957.336950302124
957.0835828781128
956.9184064865112
958.7485551834106
957.8581094741821
957.6421022415161
958.1797122955322
958.4315538406372
958.094072341919
958.2702875137329
958.4152221679688
958.8310480117798
959.5943689346313
958.9024782180786
959.2012643814087
960.7869625091553
959.3998432159424
959.8133087158203
959.7581148147583
959.7129821777344
959.6747159957886
960.0170850753784
960.429859161377
960.9456777572632
960.3326320648193
961.0619783401489
961.2526416778564
961.2351894378662
961.1290693283081
961.0011577606201
960.6163501739502
962.4472141265869
961.8207693099976
961.6346836090088
963.338828086853
963.343620300293
964.2568111419678
962.4082803726196
962.306547164917
963.0879640579224
962.8015518188477
964.0542268753052
962.9937171936035
963.5469436645508
964.1933441162109
964.2571687698364
963.9668941497803
965.3841018676758
964.9671316146851
964.4737243652344
964.2267227172852
965.7533884048462
965.2616262435913
965.5712366104126
964.611005783081
965.5996322631836
965.7224893569946
965.3944492340088
965.2687072753906
965.3128147125244
965.0490999221802
965.6717300415039
966.398811340332
965.5575037002563
966.2460327148438
966.4705038070679
966.69602394104
966.5841579437256
966.9039249420166
967.2281265258789
966.8918371200562
967.5947427749634
969.1977977752686
969.1523313522339
967.5177812576294
967.7963733673096