89.17176723480225
89.20772075653076
89.2972469329834
89.38109874725342
89.5488977432251
90.85266590118408
90.92037677764893
90.95180034637451
90.98100662231445
91.5569543838501
91.55797958374023
91.6154146194458
91.66688919067383
91.66557788848877
91.6940689086914
91.74807071685791
91.99297428131104
92.0344352722168
92.1351432800293
92.18430519104004
92.3004150390625
92.30308532714844
92.34340190887451
92.4290418624878
92.39912033081055
92.4440860748291
92.51773357391357
92.57791042327881
92.55378246307373
92.58835315704346
92.52502918243408
92.6588773727417