1540.3692483901978
1559.021258354187
1560.8685493469238
1558.7205410003662
1558.381986618042
1542.1546697616577
1542.937707901001
1541.3262128829956
1541.2734508514404
1541.195011138916
1542.4145936965942
1541.9889211654663
1542.885708808899
1542.5580024719238
1543.0860042572021
1543.209719657898
1542.751145362854
1544.5773363113403
1545.8739042282104
1547.6510047912598
1547.1113681793213
1548.3734130859375
1547.4649906158447
1546.1194038391113
1547.312092781067
1547.3867654800415
1557.3273420333862
1580.2279949188232
1580.706810951233
1580.1244258880615
1560.8505010604858
1548.5833883285522
1549.1288900375366
1560.9935760498047
1580.9316873550415
1582.0355653762817
1581.1002254486084
1562.2000932693481
1550.9156227111816
1551.1526823043823
1574.844479560852
1582.8794479370117
1583.3577632904053
1581.260323524475
1551.9798517227173
1567.2925472259521
1555.1035165786743
1551.9603729248047
1552.9469013214111
1552.7040481567383
1553.04753780365
1553.5892009735107
1554.0680646896362
1554.555892944336
1554.2714357376099
1554.1161060333252
1553.735613822937
1554.7958135604858
1555.8048009872437
1554.1640043258667
1555.764079093933
1554.6504497528076
1555.6415557861328
1555.924916267395
1555.2017211914062
1556.9036483764648
1555.9967517852783
1559.210705757141
1556.0152769088745
1557.3251485824585
1556.096887588501
1556.7855834960938
1557.4416875839233
1558.2696437835693
1558.2390308380127
1557.6562404632568
1560.6556415557861
1558.7631225585938
1558.422875404358
1559.209132194519
1558.434247970581
1560.6701850891113
1559.510064125061
1560.249376296997
1559.0502977371216
1560.2757930755615
1561.5575551986694
1560.5615377426147
1560.7587575912476
1563.3036375045776
1561.1251592636108
1561.0604286193848
1560.8906984329224
1562.0519399642944
1562.3743295669556
1561.8741035461426
1561.2349271774292
1561.8882179260254
1563.1025075912476
1563.136339187622
1564.2927885055542
1563.3468866348267
1563.9942646026611
1563.0465030670166
1564.5318984985352
1563.6758089065552
1564.9170398712158
1565.415644645691
1564.7926568984985
1565.8615589141846
1564.7860527038574
1565.3589963912964
1565.120816230774
1565.9047842025757
1566.3304805755615
1565.9311294555664
1567.5671100616455
1567.0928239822388
1570.3953742980957
1567.0809030532837
1566.870379447937
1567.565393447876
1567.7390098571777
1571.4629411697388
1592.8529977798462
1584.0194463729858
1569.4963455200195
1568.5880184173584
1573.2237577438354
1567.7513122558594
1567.5833225250244
1567.9018259048462
1568.1819915771484
1568.3116912841797
1568.623161315918
1572.007155418396
1568.0220127105713
1574.3037939071655
1571.8360900878906
1573.974370956421
1573.6101388931274
1572.5435972213745
1573.0413913726807
1573.7326860427856
1572.533631324768
1573.024845123291
1573.4064102172852
1572.5875854492188
1574.6033906936646
1573.1576919555664
1575.1333713531494
1574.050760269165
1574.3500232696533
1573.9162921905518
1577.9042482376099
1575.0851154327393
1575.1045942306519
1578.0263423919678
1575.506329536438
1575.9472846984863
1576.7070055007935
1578.2460689544678
1578.1833171844482
1576.4978885650635
1580.8274269104004
1610.3230476379395
1579.1290998458862
1579.5178413391113
1575.8644819259644
1576.1422634124756
1576.6743421554565
1576.7833471298218
1576.1512994766235
1577.4919033050537
1577.6386499404907
1576.6714096069336
1577.623176574707
1577.0755529403687
1577.5346517562866
1577.8910875320435
1577.9030799865723
1577.7810096740723
1578.485369682312
1579.9394369125366
1579.5122623443604
1580.2340745925903
1579.8559665679932
1580.8396339416504
1579.6115398406982
1579.0123224258423
1581.0599565505981
1581.6178560256958
1580.3707838058472
1580.1947593688965
1580.6602478027344
1582.463026046753
1583.062744140625
1581.3806533813477
1584.313440322876
1587.5068187713623
1586.8812561035156
1592.233943939209
1586.3723754882812
1599.6989488601685
1628.7123203277588
1592.2611236572266
1586.1099243164062
1589.8703336715698
1586.246418952942
1586.9840383529663
1587.200117111206
1586.63489818573
1588.5164499282837
1588.683271408081
1587.7103805541992
1587.447452545166
1590.1636123657227
1588.6336088180542
1591.3644313812256
1595.8496570587158
1589.359426498413
1587.570834159851
1588.524889945984
1587.7280473709106
1587.6741647720337
1589.7623538970947
1588.3639574050903
1588.6886596679688
1588.9462232589722
1588.629126548767
1589.8308753967285
1591.3292169570923
1590.360164642334
1589.8327827453613
1589.7621631622314
1590.6910419464111
1590.1430368423462
1590.2350664138794
1590.6555652618408
1588.962173461914
1591.4185523986816
1590.9883737564087
1592.0576572418213
1591.7402505874634
1592.258620262146
1592.965817451477
1592.3043251037598
1592.9057836532593
1593.3341264724731
1593.2976007461548
1593.8468217849731
1592.4870014190674
1595.8104133605957
1594.59707736969
1593.3207035064697
1594.5131301879883
1595.111083984375
1614.9405479431152
1614.6385669708252
1616.0880327224731
1615.3100967407227
1616.3002014160156
1617.052960395813
1617.1957969665527
1618.4721231460571
1619.5729494094849
1617.4387216567993
1618.0685758590698
1617.2287702560425
1618.4451580047607
1618.3119773864746
1617.9059982299805
1618.1466817855835
1622.3024606704712
1617.7221536636353
1618.7727212905884
1618.0710077285767
1618.5534954071045
1619.1013813018799
1618.5001850128174
1620.2301740646362
1620.0262784957886
1620.891547203064
1621.1345434188843
1621.7518091201782
1621.0532665252686
1622.159767150879
1622.0152854919434
1624.0721702575684
1621.2846994400024
1622.733998298645
1622.89879322052
1623.5451936721802
1623.0007648468018
1623.1046676635742
1623.6258268356323
1624.0323305130005
1624.247670173645
1623.612928390503
1624.7663736343384
1625.6089687347412
1625.962233543396
1624.9619722366333
1624.8478889465332
1628.298020362854
1625.982642173767
1626.1450052261353
1626.8706798553467
1625.9272575378418
1625.68359375
1627.0873069763184
1627.15904712677
1626.5531539916992
1626.5391111373901
1626.5079736709595
1627.2292375564575
1627.0795822143555
1627.2961854934692
1627.602195739746
1628.0991315841675
1637.2174739837646
1628.0527114868164
1628.545594215393
1629.5959949493408
1628.7854433059692
1632.8784465789795
1630.0042629241943
1630.687689781189
1635.161304473877
1630.1276206970215
1630.2502393722534
1631.5818071365356
1631.651210784912
1631.8619012832642
1632.2784185409546
1631.7018032073975
1635.378885269165
1632.9628944396973
1630.6150913238525
1632.7072858810425
1633.3281993865967
1633.9505672454834
1633.0195665359497
1635.368037223816
1633.6968660354614
1634.9991083145142
1640.4596328735352
1634.8400592803955
1634.1280698776245
1634.5978260040283
1636.5779876708984
1634.1691255569458
1637.5963926315308
1636.3418340682983
1636.890172958374
1636.731243133545
1636.6922855377197
1637.0402097702026
1637.2018098831177
1636.7695569992065
1637.154769897461
1638.1463050842285
1638.2977724075317
1638.9225959777832
1639.382243156433
1638.822865486145
1638.763952255249
1640.1703119277954
1638.7192964553833
1639.6668672561646
1639.465856552124
1640.605068206787
1637.7240896224976
1639.0745162963867
1639.8695230484009
1641.5092945098877
1638.7858390808105
1640.6025171279907
1640.5861854553223
1641.9088125228882
1641.7977809906006
1641.123080253601
1640.531611442566
1642.0445680618286
1641.5706396102905
1641.99640750885
1642.7600145339966
1643.375277519226
1646.1045503616333
1644.1626071929932
1645.4622745513916
1645.2585935592651
1644.2565441131592
1642.8308486938477
1645.5642938613892
1645.485258102417
1645.3527212142944
1647.7784633636475
1649.2833137512207
1646.7375993728638
1645.9146738052368
1646.3787317276
1646.4935064315796
1647.2465991973877
1645.5397605895996
1649.2751121520996
1647.6059436798096
1647.0654726028442
1647.2925662994385
1649.4003057479858
1649.071979522705
1649.2022037506104
1649.7560024261475
1649.4815587997437
1650.1359224319458
1648.4222412109375
1649.289846420288
1648.1266260147095
1648.8016843795776
1649.3813753128052
1650.7466554641724
1652.2351026535034
1654.1815757751465
1651.8370389938354
1651.931357383728
1651.2389421463013
1651.9194841384888
1651.9793033599854
1650.2841234207153
1652.9088258743286
1652.0743131637573
1651.3884782791138
1652.0087003707886
1654.3553590774536
1654.9780130386353
1653.9615154266357
1654.01930809021
1656.1128616333008
1654.4069528579712
1657.023024559021
1654.3779611587524
1655.135178565979
1657.3222875595093
1657.152795791626
1656.3539743423462
1657.6863765716553
1655.5404663085938
1654.7488927841187
1655.6473016738892
1657.9298496246338
1656.3657522201538
1655.4476261138916
1660.5361938476562
1658.4569692611694
1658.0086946487427
1658.6730480194092
1660.3118181228638
1659.5582008361816
1656.850790977478
1659.2841148376465
1659.8298788070679
1660.642385482788
1660.6773376464844
1662.3485088348389
1660.0493907928467
1659.5746994018555
1661.6642236709595
1662.3695135116577
1663.5414600372314
1663.1653547286987
1663.2702350616455
1669.1689014434814
1662.796974182129
1664.0270233154297
1664.305853843689
1662.745451927185
1664.3363237380981
1665.557050704956
1665.0661706924438
1662.768816947937
1663.8325929641724
1666.0494089126587
1665.3949975967407
1666.398572921753
1667.1154975891113
1666.1863088607788
1665.380358695984
1665.885305404663
1666.5954113006592
1668.0335760116577
1667.125916481018
1667.7387475967407
1665.3000593185425
1668.3171272277832
1668.5105323791504
1667.3002004623413
1668.3346271514893
1667.275333404541
1671.4756965637207
1669.9275493621826
1670.0944900512695
1668.5907125473022
1668.2498216629028
1668.7710046768188
1668.918538093567
1669.7425603866577
1669.1801309585571
1671.4837551116943
1670.6098556518555
1671.2520122528076
1672.5404500961304
1672.7209568023682
1671.332311630249
1674.6405124664307
1676.4145612716675
1673.3492136001587
1672.6686000823975
1673.7266302108765
1672.9305028915405
1675.3638744354248
1673.5386371612549
1673.0699062347412
1674.4320392608643
1676.5685558319092
1675.1763820648193
1676.9542932510376
1675.7262706756592
1676.0157823562622
1675.4735231399536
1676.3484716415405
1677.0405292510986
1677.780556678772
1678.7975788116455
1675.453519821167
1679.4814586639404
1679.7122240066528
1676.6515970230103
1679.4709205627441
1677.815580368042
1677.3437976837158
1679.510498046875
1679.3987274169922
1679.291558265686
1679.7744512557983
1680.615258216858
1679.5470237731934
1680.5312156677246
1680.448865890503
1679.0891408920288
1676.3997793197632
1680.284595489502
1682.953405380249
1680.1047325134277
1681.9668292999268
1682.5009107589722
1680.5339813232422
1683.6856603622437
1684.8843812942505
1683.397388458252
1682.8238725662231
1685.1694583892822
1684.6750497817993
1681.9016933441162
1682.2301387786865
1684.4268321990967
1685.0040197372437
1684.4569444656372
1683.644938468933
1685.4743480682373
1684.2004299163818
1684.641194343567
1684.1840744018555
1684.179162979126
1685.1188659667969
1686.4654779434204
1685.1396322250366
1685.8352899551392
1686.30530834198
1686.7934703826904
1688.4580850601196
1687.5810146331787
1686.18745803833
1684.7749471664429
1690.2354001998901
1686.9744539260864
1688.3803367614746
1687.4529123306274
1689.8228168487549
1688.3097887039185
1688.2330894470215
1687.3141050338745
1690.6969785690308
1691.7712211608887
1692.8134202957153
1689.8131847381592
1691.0470724105835
1689.6715879440308
1688.2704734802246
1689.5474672317505
1691.8123245239258
1689.7403240203857
1693.2483196258545
1692.1883583068848
1692.0971870422363
1691.428303718567
1691.626000404358
1693.0060148239136
1691.9700384140015
1691.6597127914429
1693.8175916671753
1692.6082849502563
1692.6966190338135
1692.9022073745728
1695.2447414398193
1696.0935831069946
1694.945502281189
1693.8767433166504
1694.8102712631226
1696.6213464736938
1695.317554473877
1695.7638502120972
1694.1285610198975
1694.787883758545
1698.1465339660645
1697.6216554641724
1697.8078126907349
1697.1750974655151
1696.5940237045288
1696.5501546859741
1699.7247695922852
1697.5566148757935
1700.0196933746338
1701.1102199554443
1700.238299369812
1700.2935647964478
1697.073245048523
1698.3065128326416
1700.2016067504883
1700.0410795211792
1696.9391345977783
1701.0804176330566
1699.586033821106
1701.2300252914429
1702.514386177063
1699.732255935669
1701.7549514770508
1701.718020439148
1701.570463180542
1703.0089855194092
1703.6728858947754
1704.4110298156738
1702.974534034729
1705.0936460494995
1704.0140390396118
1703.6823749542236
1703.013277053833
1703.3132791519165
1705.042004585266
1704.8285245895386
1705.383038520813
1706.5077781677246
1707.7604055404663
1704.9717664718628
1706.4532279968262
1706.6787481307983
1707.9522132873535
1708.3230018615723
1705.7135105133057
1704.8659324645996
1709.1326713562012
1708.8038682937622
1705.7090282440186
1709.1851711273193
1708.8095664978027
1710.1106643676758
1708.608889579773
1708.1421852111816
1711.9803190231323
1708.8281631469727
1708.811378479004
1709.8949432373047
1706.5857410430908
1708.3285570144653
1711.3075017929077
1711.1066341400146
1710.9781503677368
1711.892056465149
1710.2520942687988
1710.679292678833
1711.989665031433
1712.76433467865
1709.8907947540283
1712.1013402938843
1712.7394199371338
1713.16237449646
1712.876558303833
1713.467025756836
1714.4736766815186
1714.3332481384277
1714.7278785705566
1714.3913269042969
1714.8385763168335
1716.3039445877075
1715.697979927063
1714.9746417999268
1715.6245946884155
1715.9142971038818
1716.40305519104
1716.0626649856567
1713.0401611328125
1714.5818710327148
1716.534185409546
1719.4627523422241
1719.8511362075806
1716.8101787567139
1716.4823055267334
1718.0123090744019
1718.5394525527954
1718.2891368865967
1717.8354740142822
1718.8031673431396
1718.1107759475708
1717.0682668685913
1719.7072982788086
1718.4718370437622
1716.6075229644775
1717.7971601486206
1721.265959739685
1720.8494901657104
1721.8326807022095
1719.4222688674927
1721.360182762146
1721.8910217285156
1721.0908889770508
1720.8365678787231
1721.4261531829834
1722.4743604660034
1721.7478036880493
1723.633599281311
1722.3632335662842
1723.398518562317
1723.5288619995117
1723.4403371810913
1723.380947113037
1723.6348152160645
1724.5354890823364
1724.006724357605
1723.6561298370361
1725.0436782836914
1727.7202129364014
1723.3196020126343
1726.4987230300903
1725.1059770584106
1724.7861862182617
1725.049066543579
1726.090383529663
1725.9114980697632
1726.3447046279907
1727.0010232925415
1724.7241020202637
1727.9066324234009
1727.7937173843384
1728.2856702804565
1726.8902778625488
1725.2812147140503
1728.706407546997
1728.9516687393188
1726.6083002090454
1729.3615579605103
1730.698013305664
1728.804349899292
1730.4173946380615
1730.521321296692
1729.8349380493164
1731.1731338500977
1730.828070640564
1728.5501956939697
1728.306221961975
1730.8071374893188
1732.124400138855
1732.1008443832397
1731.9059371948242
1730.9466361999512
1732.149577140808
1732.5957775115967
1734.040904045105
1735.4264974594116
1731.1180114746094
1733.4673643112183
1733.6906671524048
1735.856819152832
1734.7046613693237
1733.3735942840576
1734.8833560943604
1738.5259628295898
1735.96031665802
1734.4125747680664
1734.9990844726562
1736.3154888153076
1734.8224639892578
1737.3263120651245
1735.3907108306885
1736.6699934005737
1736.8481874465942
1737.4390840530396
1737.7180099487305
1735.8534097671509
1737.9428386688232
1736.9323253631592
1739.2657995224
1739.8796796798706
1736.4375591278076
1739.5477771759033
1739.1808032989502
1739.5695209503174
1739.4038200378418
1742.5960540771484
1736.404800415039
1738.355302810669
1739.5362854003906
1740.8523082733154
1740.2648448944092
1742.214298248291
1738.223123550415
1742.3247575759888
1743.1684732437134
1740.5413150787354
1742.2260284423828
1742.4200773239136
1742.114520072937
1745.4212427139282
1746.47057056427
1743.6280965805054
1742.9336547851562
1741.0589933395386
1743.5600519180298
1743.6359882354736
1744.7898387908936
1745.7533359527588
1745.5955505371094
1745.1424837112427
1743.926477432251
1743.977689743042
1746.5022325515747
1744.8895692825317
1747.2334623336792
1744.9223518371582
1746.060061454773
1745.5422163009644
1744.1235542297363
1748.622179031372
1746.0922002792358
1748.5081434249878
1750.5003213882446
1746.224570274353
1747.942042350769
1749.4315385818481
1750.0914096832275
1750.8402109146118
1749.2682456970215
1748.8559484481812
1751.8326044082642
1752.4487257003784
1753.110146522522
1750.178050994873
1752.231788635254
1750.7434129714966
1753.3628463745117
1749.0115404129028
1749.5036125183105
1750.9817838668823
1752.865719795227
1750.0316143035889
1752.0920038223267
1752.6442527770996
1754.748821258545
1756.5141439437866
1754.1016340255737
1755.700969696045
1753.39674949646
1753.487205505371
1753.8732528686523
1755.151343345642
1753.4385681152344
1752.9971361160278
1754.003405570984
1755.3080558776855
1756.970739364624
1754.3724060058594
1756.7408084869385
1755.82115650177
1755.3993940353394
1754.65247631073
1756.1378002166748
1756.168246269226
1754.2484998703003
1755.7358980178833
1758.2307815551758
1757.5595617294312
1757.2261571884155
1757.9151153564453
1760.9413385391235
1758.307695388794
1759.8476648330688
1762.2987985610962
1759.2447519302368
1759.1034173965454
1760.3075504302979
1761.486840248108
1758.9689493179321
1759.7679615020752
1760.2953910827637
1761.2393379211426
1760.447907447815
1762.3883724212646
1761.5668058395386
1761.9522333145142
1764.2384767532349
1764.8817539215088
1763.6853456497192
1762.67249584198
1762.6356840133667
1764.9572134017944
1763.3878231048584