190.39499759674072
190.34759998321533
190.32700061798096
190.36436080932617
190.47982692718506
190.57481288909912
190.8639430999756
191.17257595062256
191.05870723724365
191.11506938934326
191.15748405456543
191.20182991027832
191.11576080322266
191.24202728271484
191.31548404693604
191.2278413772583
191.2076473236084
191.33737087249756
191.47040843963623
191.55590534210205
191.56746864318848
191.60866737365723
191.57021045684814
191.49606227874756
191.52398109436035
191.60001277923584
191.62755012512207
191.81575775146484
191.8527364730835
191.75093173980713
191.84350967407227
191.95966720581055
191.9238567352295
191.8252468109131
191.83526039123535
191.94047451019287
192.07642078399658
192.20468997955322
192.29145050048828
192.26417541503906
192.28031635284424
192.34116077423096
192.372465133667
192.43009090423584
192.5100564956665
192.4570083618164
192.61131286621094
192.73066520690918
192.6877737045288
192.695951461792
192.8637981414795
192.86975860595703
192.8844690322876
192.89863109588623
193.0541753768921
193.10429096221924
193.10190677642822
193.1161403656006
193.1621789932251
193.12331676483154
193.24030876159668
193.2952880859375
193.3439016342163
193.2629108428955
193.25029850006104
193.23186874389648
193.40367317199707
193.5396909713745
193.66765022277832
193.75529289245605
193.72665882110596
193.6974287033081
193.74358654022217
193.7112331390381
193.83668899536133
193.83258819580078
193.79453659057617
193.90430450439453
193.9936876296997
194.0993070602417
194.05603408813477
194.083833694458
194.21536922454834
194.20199394226074
194.29879188537598
194.2915439605713
194.32430267333984
194.4204330444336
194.46487426757812
194.45905685424805
194.45185661315918
194.38464641571045
194.52414512634277
194.53258514404297
194.55840587615967
194.5763349533081
194.73578929901123
194.82007026672363
194.9159860610962
195.73588371276855
194.90973949432373
194.97926235198975
194.98662948608398
195.07527351379395
195.0972318649292
195.10765075683594
195.05600929260254
195.10176181793213
195.33135890960693
195.49248218536377
195.5209732055664
195.49002647399902
195.4563856124878
195.5069065093994
195.62115669250488
195.7921028137207
195.59876918792725
195.75860500335693
195.8564043045044
195.84105014801025
195.9441900253296
195.75738906860352
195.82197666168213
195.85416316986084
195.10419368743896
192.3295021057129
192.60554313659668
192.44701862335205
192.33932495117188
192.72541999816895
192.5853729248047
192.66469478607178
192.66440868377686
192.71891117095947
192.3882246017456
192.28122234344482
192.30833053588867