211.2994909286499
212.12027072906494
211.9290590286255
212.00404167175293
212.17355728149414
206.23209476470947
206.41248226165771
206.3596248626709
206.9000005722046
213.3056402206421
213.69922161102295
213.87808322906494
213.77906799316406
214.7291660308838
218.218994140625
220.02685070037842
219.30363178253174
218.11413764953613
217.6380157470703
216.99504852294922
216.84134006500244
217.03474521636963
216.76244735717773
217.14551448822021
217.19419956207275
217.25542545318604
217.5640106201172
217.98007488250732
218.13688278198242
218.3225393295288
218.83466243743896
218.83196830749512
219.23425197601318
219.68448162078857
219.67380046844482
219.61007118225098
220.3052520751953
220.17192840576172
220.3033447265625
220.39573192596436
220.74975967407227
220.77867984771729
220.9275484085083
221.83246612548828
224.75357055664062
225.5110740661621
223.50330352783203
221.70495986938477
220.68777084350586
220.44005393981934
220.09565830230713
219.95368003845215
220.0439691543579
220.3449010848999
220.7542896270752
220.5721378326416
220.94972133636475
221.09239101409912
221.51381969451904
222.25024700164795
222.1329927444458
222.18000888824463
222.4421262741089
222.71006107330322
223.09331893920898
223.2996702194214
223.43385219573975
223.3579158782959
223.69694709777832
223.9579200744629
224.16036128997803
224.2945671081543
224.56443309783936
225.61042308807373
230.3722381591797
234.98666286468506
234.83715057373047
233.82835388183594
233.2277774810791
232.81052112579346
232.80127048492432
232.7726125717163
232.8037977218628
233.1723928451538
233.69171619415283
233.78009796142578
233.71496200561523
234.10918712615967
234.65375900268555
234.51106548309326
234.50610637664795
234.75189208984375
235.4694128036499
235.39025783538818
235.4698657989502
235.65785884857178
235.953950881958
236.02399826049805
236.2839937210083
236.4011287689209
236.67771816253662
237.03839778900146
237.40909099578857
238.09192180633545
242.438006401062
246.27466201782227
245.92576026916504
245.1242446899414
244.79448795318604
244.22285556793213
244.6369171142578
244.29395198822021
244.40181255340576
244.66440677642822
245.26677131652832
245.1202630996704
245.8446741104126
245.76232433319092
245.75049877166748
246.16882801055908
246.13187313079834
246.78137302398682
246.84906005859375
247.0919370651245
247.32239246368408
247.7062463760376
247.59869575500488
248.0057716369629