77.00002193450928
105.22580146789551
84.06298160552979
78.19833755493164
75.4105806350708
74.01070594787598
73.93412590026855
73.54381084442139
73.68879318237305
74.04811382293701
74.12941455841064
74.35929775238037
74.58322048187256
74.76379871368408
74.92098808288574
75.06721019744873
75.24573802947998
75.52876472473145
75.64969062805176
75.76334476470947
75.90241432189941
76.1035680770874
76.2209415435791
76.40185356140137
76.67675018310547
76.7064094543457
76.96583271026611
77.12404727935791
77.2939920425415
77.61039733886719
77.88054943084717
77.91566848754883
78.03955078125
78.1663179397583
78.16364765167236
78.4496545791626
78.73446941375732
78.8079023361206
78.80783081054688
79.03006076812744
79.16667461395264
79.30850982666016
79.48834896087646
79.66396808624268
79.8191785812378
79.996657371521
80.11705875396729
80.2842378616333
80.44066429138184
80.61404228210449
81.0279130935669
80.91373443603516
81.06203079223633
81.19926452636719
81.54120445251465
81.72941207885742
82.02574253082275
82.09164142608643
82.15773105621338
82.24935531616211
82.44462013244629
82.60843753814697
82.8561782836914
83.13937187194824
83.34987163543701
83.50138664245605
83.6754322052002
83.8047742843628
83.98652076721191
84.3048095703125
84.3709945678711
84.48829650878906
84.72955226898193
84.84797477722168
85.04364490509033
85.15169620513916
85.28664112091064
85.60030460357666
85.74106693267822
85.95960140228271
86.06255054473877
86.19613647460938
86.34448051452637
86.27641201019287
86.48991584777832
86.80057525634766
87.0157241821289
87.19637393951416
87.35167980194092
87.5648021697998
87.46232986450195
87.75331974029541
87.94105052947998
88.05792331695557
88.28256130218506
88.35442066192627
88.8150691986084
89.39611911773682
89.05956745147705
89.26048278808594
89.51253890991211
89.8967981338501
89.91961479187012
90.11471271514893
90.4794454574585
90.30838012695312
90.47155380249023
90.6242847442627
90.7083511352539
90.96953868865967
91.14227294921875
91.36147499084473
91.4616346359253
91.55764579772949
91.82360172271729
91.89324378967285
91.80781841278076
92.38059520721436
92.39273071289062
92.5593376159668
92.66276359558105
92.90807247161865
93.22052001953125
93.42617988586426
93.63856315612793
93.65313053131104
93.82851123809814
93.98152828216553
94.00768280029297
95.09775638580322
94.50371265411377
94.68858242034912
94.92650032043457
95.02849578857422
95.19593715667725
95.22359371185303
95.15151977539062
95.20719051361084
95.33841609954834
95.662522315979
95.98157405853271
95.78857421875
95.89729309082031
96.36683464050293
96.51010036468506
96.52695655822754
97.02420234680176
97.05417156219482
97.19138145446777
97.31543064117432
97.5137710571289
97.78950214385986
97.87750244140625
98.0339527130127
98.19676876068115
98.3309268951416
98.48577976226807
98.75154495239258
98.96121025085449
99.01611804962158
99.15728569030762
99.39770698547363
99.61183071136475
99.66254234313965
100.02772808074951
100.2375841140747
100.24192333221436
100.51474571228027
100.55313110351562
100.71544647216797
101.19502544403076
100.87904930114746
100.97622871398926
101.51669979095459
101.66873931884766
101.72719955444336
101.92275047302246
102.13940143585205
102.43988037109375
102.35369205474854
102.69582271575928
102.6803731918335
102.68535614013672
102.90374755859375
103.14159393310547
103.23288440704346
103.37488651275635
103.56247425079346
103.9076566696167
104.2156457901001
104.38687801361084
104.2090892791748