73.57847690582275
73.5621690750122
73.65145683288574
73.81079196929932
73.81596565246582
74.13156032562256
74.21729564666748
74.32053089141846
74.46205615997314
74.33810234069824
74.45199489593506
74.55718517303467
74.65624809265137
74.757981300354
74.8192310333252
74.93338584899902
75.07004737854004
75.18532276153564
75.31712055206299
75.41389465332031
75.58932304382324
75.6371259689331
75.74563026428223
75.83394050598145
75.93317031860352
75.98848342895508
76.21359825134277
76.34577751159668
76.42889022827148
76.5265941619873
76.58462524414062
76.69692039489746