1042.7833795547485
1042.2643423080444
1041.6150569915771
1042.8977727890015
1043.0887699127197
1044.0232276916504
1043.8979864120483
1044.577670097351
1044.405484199524
1045.5552577972412
1046.5026378631592
1047.039794921875
1046.8955755233765
1047.722840309143
1048.363757133484
1048.700189590454
1048.6801385879517
1014.2805814743042
1019.3901300430298
1027.1629095077515
1030.6593656539917
1030.7493925094604
1032.5234651565552
1032.8271865844727
1032.1180582046509
1029.8495054244995
1063.2100582122803
1062.7182960510254
1063.690710067749
1064.3652200698853
1063.5360956192017
1063.858962059021
1064.624834060669
1065.5709028244019
1065.8984899520874
1065.3828859329224
1065.6778573989868
1065.5961751937866
1066.8681144714355
1066.0390853881836
1068.304204940796
1067.6886558532715
1067.708158493042
1068.4049129486084
1069.1819906234741
1069.4817304611206
1070.082139968872
1071.493124961853
1073.1269359588623
1079.747200012207
1083.037281036377
1082.948660850525
1080.6038618087769
1080.6686639785767
1080.00648021698
1079.471778869629
1080.1601648330688
1080.522108078003
1081.2671661376953
1080.8502435684204
1081.3585758209229
1081.5367698669434
1081.7897081375122
1082.6905488967896
1082.8693628311157
1082.2736263275146
1082.6433420181274
1083.2324028015137
1083.4527969360352
1084.4589233398438
1083.7412118911743
1084.5562934875488
1085.405421257019
1086.1169815063477
1086.3047122955322
1086.5050315856934
1087.4724388122559
1087.6044750213623
1088.9652967453003
1098.9670753479004
1100.5857706069946
1100.0372648239136
1095.9041357040405
1094.0895557403564
1093.0202007293701
1093.120789527893
1092.664384841919
1091.832709312439
1092.413067817688
1092.6923513412476
1092.6809310913086
1092.2580480575562
1092.9855823516846
1092.3669338226318
1093.5546398162842
1093.867802619934
1093.495488166809
1093.2761907577515
1094.1511869430542
1094.2941427230835
1095.44358253479
1095.383644104004
1095.1123714447021
1097.0039129257202
1097.1025228500366
1097.8514671325684
1098.9299058914185
1098.8754987716675
1101.4636516571045
1114.0111207962036
1115.546178817749
1116.0347938537598
1114.9301767349243
1113.592290878296
1113.2455825805664
1112.8570556640625
1113.3720397949219
1113.8420104980469
1113.3597612380981
1114.2412424087524
1114.168643951416
1114.0176057815552
1114.6799564361572
1115.0567770004272
1115.4552936553955
1115.0032758712769
1116.304326057434
1116.199254989624
1116.4295196533203
1117.6111698150635
1118.510890007019
1118.293309211731
1119.3673372268677
1120.015835762024
1120.8747625350952
1120.9582805633545
1122.045087814331
1121.7162370681763
1121.0895538330078
1129.404354095459
1133.223032951355
1131.1935186386108
1127.975344657898
1126.7061948776245
1124.2566347122192
1124.750256538391
1123.2419729232788
1123.7427234649658
1123.3903884887695
1124.2563962936401
1124.072027206421
1123.9282608032227
1124.976134300232
1124.3972539901733
1124.8109579086304
1124.8859167099
1125.5430221557617
1125.4360914230347
1125.9103775024414
1126.8975257873535
1127.1352291107178
1127.7745485305786
1128.2757997512817
1129.0160179138184
1129.6945333480835
1129.926085472107
1130.5569410324097
1130.8556079864502
1133.813977241516
1142.656660079956
1145.3694581985474
1145.4849243164062
1145.5356359481812
1145.0898885726929
1145.751404762268
1145.1687097549438
1144.3552017211914
1144.2230463027954
1145.589542388916
1145.6834077835083
1146.4807510375977
1146.659541130066
1147.2830295562744
1147.8085041046143
1147.232174873352
1147.5083112716675
1148.6596584320068
1148.5827922821045
1148.6648082733154
1149.705719947815
1150.5116939544678
1150.7441520690918
1151.797103881836
1152.7945041656494
1153.8336992263794
1153.2307386398315
1153.6563873291016
1154.720687866211
1153.0933380126953
1160.9947681427002
1163.2436513900757
1164.0827894210815
1161.5267276763916
1160.9989404678345
1160.075831413269
1159.1474056243896
1158.843183517456
1159.1855764389038
1157.673740386963
1159.5035076141357
1158.5659980773926
1158.6196422576904
1159.3369722366333
1160.0245237350464
1160.519027709961
1160.5417490005493
1160.8270645141602
1161.0352039337158
1160.9551191329956
1162.1741771697998
1162.8344058990479
1163.842797279358
1164.8056268692017
1164.8491382598877
1165.2593851089478
1165.7975912094116
1166.8585062026978
1166.5769338607788
1167.9943799972534
1177.161955833435
1178.9686679840088
1178.7240028381348
1178.9466857910156
1177.2405624389648
1176.3272285461426
1176.9909381866455
1177.0907163619995
1176.9364833831787
1176.5260219573975
1177.7299642562866
1178.5480737686157
1178.4797430038452
1178.8905143737793
1179.0138483047485
1178.501272201538
1179.0786504745483
1180.2018642425537
1179.8651933670044
1180.036473274231
1180.8788776397705
1180.90500831604
1182.646918296814
1183.3205223083496
1183.4603071212769
1183.5997581481934
1184.2700958251953
1184.6543788909912
1191.829538345337
1192.372488975525
1201.1266231536865
1200.4294872283936
1198.8473892211914
1197.2810506820679
1196.5161085128784
1195.465350151062
1196.3893413543701
1195.7189321517944
1195.91064453125
1195.1559782028198
1194.8362112045288
1196.636962890625
1195.8523273468018
1195.9136486053467
1197.3952770233154
1196.9936847686768
1197.2207069396973
1198.7163305282593
1198.4318256378174
1199.263334274292
1200.1389741897583
1200.3596305847168
1200.449275970459
1201.3356447219849
1201.8332958221436
1202.3586750030518
1202.869153022766
1203.6186933517456
1205.185627937317
1204.0623664855957
1218.588399887085
1222.7412700653076
1218.6617851257324
1218.9680099487305
1218.5502767562866
1219.3189144134521
1219.1129207611084
1219.1471815109253
1219.2285537719727
1218.2185411453247
1218.941330909729
1219.7069644927979
1221.2344408035278
1221.4710235595703
1220.754313468933
1220.550274848938
1221.559453010559
1221.402883529663
1222.0340967178345
1222.0751523971558
1222.6532697677612
1223.1234073638916
1223.6420631408691
1226.777982711792
1226.233696937561
1225.4494428634644
1225.562310218811
1226.5984296798706
1228.145432472229
1228.3003568649292
1236.2365245819092
1237.1362447738647
1235.615634918213
1232.6801538467407
1230.865478515625
1229.5737981796265
1228.9286375045776
1228.5100936889648
1228.7881135940552
1229.706597328186
1229.6715021133423
1229.2566537857056
1230.9013605117798
1231.4330577850342
1230.9520721435547
1231.26962184906
1231.6728115081787
1231.9584131240845
1231.457257270813
1231.6242694854736
1233.1944704055786
1233.179521560669
1235.855221748352
1235.0808382034302
1236.5859031677246
1235.869836807251
1237.1153831481934
1237.9532098770142
1238.585925102234
1238.5423421859741
1251.1657238006592
1252.6296377182007
1252.595615386963
1252.7146339416504
1251.1045932769775
1252.6465892791748
1252.1426439285278
1251.760220527649
1250.6176948547363
1252.6355981826782
1253.401756286621
1253.1684875488281
1253.4664154052734
1253.9740562438965
1253.8309574127197
1253.5057067871094
1255.39391040802
1254.834508895874
1254.7845125198364
1255.2976608276367
1255.3622245788574
1256.7351341247559
1257.4158668518066
1257.4417114257812
1258.1398248672485
1259.4632148742676
1260.5686664581299
1261.1030101776123
1260.99112033844
1259.5463514328003
1269.9185371398926
1272.2153663635254
1270.2991008758545
1268.3444499969482
1266.5371894836426
1264.946460723877
1264.6225690841675
1263.9398097991943
1264.1478538513184
1265.3354167938232
1265.0323629379272
1264.1514301300049
1265.4390096664429
1265.5964374542236
1265.5182361602783
1265.0471925735474
1266.1768674850464
1265.8127546310425
1267.2781467437744
1268.3306455612183
1268.9299583435059
1269.0074920654297
1269.1065549850464
1270.4622030258179
1270.4021692276
1270.1395750045776
1271.482515335083
1271.537971496582
1272.146725654602
1272.3038911819458
1287.594485282898
1289.6331548690796
1288.8803482055664
1286.4887714385986
1287.2970342636108
1286.022400856018
1287.3329401016235
1286.4699840545654
1287.2588872909546
1287.3561382293701
1288.1443738937378
1288.139820098877
1287.8988027572632
1288.3973836898804
1289.3441677093506
1288.963222503662
1291.024374961853
1290.5245542526245
1289.82253074646
1289.9513244628906
1291.115951538086
1290.9280061721802
1292.0044898986816
1292.319107055664
1293.8733339309692
1294.3873643875122
1294.9812173843384
1295.2874183654785
1295.3450679779053
1294.9767112731934
1306.6293239593506
1307.8909873962402
1306.8578481674194
1302.9749631881714
1302.5901317596436
1301.021671295166
1300.0356674194336
1299.9796628952026
1299.928593635559
1299.9184370040894
1300.8922815322876
1300.204086303711
1301.1048078536987
1301.9083499908447
1302.7034521102905
1302.3184776306152
1302.515149116516
1301.914930343628
1302.7388334274292
1303.6028385162354
1302.739405632019
1304.8430681228638
1305.0766706466675
1305.274772644043
1307.3116540908813
1308.0976486206055
1307.517910003662
1308.1632852554321
1309.5051288604736
1308.0575704574585
1322.5502014160156
1325.6398677825928
1324.621057510376
1323.3635663986206
1323.164439201355
1323.0302333831787
1322.0508575439453
1322.215461730957
1322.6524591445923
1323.045802116394
1322.165870666504
1323.7093687057495
1322.9191064834595
1324.6455192565918
1325.435495376587
1324.7546434402466
1324.8175382614136
1325.119400024414
1326.6329765319824
1325.6769180297852
1327.2335052490234
1328.1556129455566
1327.2516012191772
1328.2075881958008
1328.9883136749268
1330.2489280700684
1329.7207355499268
1332.082200050354
1331.9673299789429
1332.6229095458984
1339.4980907440186
1339.7917985916138
1336.9883060455322
1332.7706098556519
1330.6313037872314
1328.794264793396
1327.1882057189941
1326.584792137146
1324.6126413345337
1325.5527257919312
1326.3530254364014
1326.3055324554443
1327.1832704544067
1327.8690099716187
1326.6848802566528
1327.5969982147217
1326.7374277114868
1326.9362688064575
1327.797508239746
1327.8077125549316
1328.5506010055542
1329.4756889343262
1329.894208908081
1330.8095455169678
1331.0503959655762
1332.1544170379639
1332.6327085494995
1332.8791856765747
1333.2882642745972
1333.3646059036255
1352.958869934082
1354.4130325317383
1354.8375129699707
1353.9846658706665
1352.993106842041
1353.424334526062
1352.2767305374146
1352.1438121795654
1351.4273166656494
1352.6308298110962
1351.045298576355
1351.5842199325562
1351.5438318252563
1352.6828289031982
1353.536343574524
1353.6688566207886
1354.3707370758057
1354.1404724121094
1355.4388999938965
1354.986071586609
1355.943751335144
1356.2495708465576
1357.668161392212
1358.3591938018799
1358.0548286437988
1359.2142343521118
1359.4696521759033
1360.0135564804077
1360.1737976074219
1365.1652574539185
1370.9939002990723
1370.7515954971313
1367.8166389465332
1364.4644021987915
1361.4697694778442
1360.2786302566528
1357.8195810317993
1357.6208114624023
1357.2730541229248
1358.050036430359
1358.8887214660645
1358.8654279708862
1358.8754177093506
1357.3980569839478
1358.5426568984985
1358.0311298370361
1358.2908153533936
1359.3629121780396
1359.3592405319214
1359.9708795547485
1361.2180471420288
1361.608076095581
1362.5768184661865
1362.5094652175903
1362.7641916275024
1365.1602745056152
1365.2724504470825
1365.4711723327637
1366.502833366394
1366.3076400756836
1384.1187000274658
1386.8714094161987
1387.061333656311
1385.7320308685303
1385.612440109253
1384.3297719955444
1383.8074445724487
1384.0378284454346
1384.0240478515625
1384.4320058822632
1385.2111339569092
1384.707760810852
1384.7073554992676
1386.2274408340454
1387.5365257263184
1385.8170747756958
1386.9029521942139
1387.4489784240723
1387.2612237930298
1386.732268333435
1388.365912437439
1389.0828847885132
1390.19033908844
1390.5269384384155
1390.706467628479
1391.3792610168457
1391.7734146118164
1392.7186012268066
1392.294430732727
1397.4977731704712
1407.0041179656982
1406.8320512771606
1404.759407043457
1402.4956941604614
1399.7678995132446
1399.4301080703735
1397.86536693573
1399.154806137085
1398.7428426742554
1399.6183156967163
1400.326943397522
1400.1830101013184
1400.6667613983154
1400.932765007019
1401.1124849319458
1401.5358209609985
1400.9073734283447
1401.023006439209
1401.9790410995483
1401.6437768936157
1403.562331199646
1404.0803909301758
1404.4981241226196
1404.9716711044312
1406.0784339904785
1406.3683032989502
1407.9445362091064
1407.08909034729
1408.587884902954
1406.4982891082764
1422.7560997009277
1424.5692253112793
1423.3351707458496
1422.1935749053955
1421.3678121566772
1420.5461502075195
1420.5376625061035
1421.057653427124
1421.251130104065
1421.3974952697754
1421.6522693634033
1422.6999044418335
1422.8537797927856
1423.1262683868408
1423.594856262207
1422.9154348373413
1423.2468366622925
1423.6993789672852
1423.3284711837769
1423.3083724975586
1425.0011205673218
1425.4674911499023
1426.3844728469849
1426.5962839126587
1427.8956174850464
1427.9180526733398
1428.7652730941772
1428.935980796814
1429.0282249450684
1425.2028942108154
1440.382957458496
1440.578293800354
1440.1775360107422
1435.941481590271
1434.2944145202637
1433.1569910049438
1432.8761100769043
1433.3003759384155
1433.112382888794
1434.0369939804077
1433.7668180465698
1434.876036643982
1434.7086191177368
1436.8070840835571
1435.9342575073242
1436.0481977462769
1435.5938911437988
1436.4238262176514
1436.3592863082886
1437.9776239395142
1438.112759590149
1438.2150173187256
1440.0097131729126
1439.88516330719
1441.2241220474243
1441.5928363800049
1441.9923782348633
1443.096137046814
1443.1064367294312
1439.3876314163208
1454.6957731246948
1456.0829639434814
1454.8322916030884
1453.8630962371826
1452.7312755584717
1451.073956489563
1450.9530305862427
1450.989580154419
1451.7268896102905
1451.5501737594604
1451.6910314559937
1451.3129711151123
1451.5899181365967
1451.2097358703613
1451.9824266433716
1452.3049354553223
1451.766037940979
1452.364444732666
1451.9966840744019
1452.3146867752075
1453.1303405761719
1454.4378757476807
1455.2491426467896
1455.7149410247803
1455.8825492858887
1456.4634561538696
1457.3851108551025
1457.7173709869385
1458.8799238204956
1447.6049423217773
1439.9405479431152
1439.0145301818848
1434.8042488098145
1432.2776317596436
1431.946086883545
1430.3654432296753
1430.2297115325928
1429.4187307357788
1430.5521965026855
1431.7368745803833
1431.655502319336
1430.309796333313
1430.879831314087
1432.6340913772583
1432.1519136428833
1432.459545135498
1431.6602230072021
1431.83274269104
1431.970763206482