149.46415424346924
149.67198371887207
149.81884956359863
149.9500274658203
150.3248929977417
150.27167797088623
150.56095123291016
150.67813396453857
150.83189010620117
150.99873542785645
150.9065866470337
150.9880542755127
151.0603904724121
151.0298728942871
151.23083591461182
151.2979507446289
151.23908519744873
151.85978412628174
151.9507884979248
151.85859203338623
151.7611026763916
152.10895538330078
152.04036235809326
152.75111198425293
152.28874683380127
152.54287719726562
152.50580310821533
152.73685455322266
153.02205085754395
152.9999017715454
153.0879259109497
153.29060554504395
153.5254716873169
153.49860191345215
153.64625453948975
153.69117259979248
154.0273666381836
154.13610935211182
154.58710193634033
154.71854209899902
154.78239059448242
154.99515533447266
154.87797260284424
154.76140975952148
154.86838817596436
154.93395328521729
155.10876178741455
155.16581535339355
155.44371604919434
155.4842233657837
155.5065393447876
155.66654205322266
155.75296878814697
156.1035394668579
156.3988208770752
156.37590885162354
156.3967227935791
156.62155151367188
156.56068325042725
156.59544467926025
156.8624496459961
157.10015296936035
156.5112829208374
156.74571990966797
156.8723440170288
157.03353881835938
157.43753910064697
157.47809410095215
157.64639377593994
157.56349563598633
157.83820152282715
158.07700157165527
158.24992656707764
158.54499340057373
158.65068435668945
158.56540203094482
158.45787525177002
158.53214263916016
158.82320404052734
158.86938571929932
159.01522636413574
158.91339778900146
159.12508964538574
159.15677547454834
159.3310832977295
159.39722061157227
159.71896648406982
159.73503589630127
159.88872051239014
160.12349128723145
160.18404960632324
160.23905277252197
160.47723293304443
160.60669422149658
160.9570026397705
161.01667881011963
160.70709228515625
160.80029010772705
160.90316772460938
161.00082397460938
161.24136447906494
161.11929416656494
161.4389181137085
162.19897270202637
162.75155544281006
162.23390102386475
161.96656227111816
161.95318698883057
162.25533485412598
162.35482692718506
162.26894855499268
162.15341091156006
162.1551752090454
162.54799365997314
162.68491744995117
162.90833950042725
162.8829002380371
163.19077014923096
163.405179977417
163.250732421875
163.19503784179688
163.2624626159668
163.39969635009766
163.62676620483398
163.9564037322998
163.60042095184326
164.03753757476807
164.0491247177124
164.1503095626831
164.4881248474121
164.34142589569092
164.48290348052979
164.60673809051514
164.51716423034668
164.70248699188232
164.78335857391357
164.6606206893921