2488.5128021240234
2506.8058252334595
2507.6385021209717
2506.7408323287964
2507.498025894165
2492.5506830215454
2494.659924507141
2493.041491508484
2494.1088676452637
2492.4673318862915
2485.53524017334
2481.8684577941895
2480.572032928467
2484.670639038086
2482.662034034729
2481.0118436813354
2480.592107772827
2464.293146133423
2465.8578157424927
2466.6056632995605
2465.6893014907837
2468.356490135193
2466.2707090377808
2468.0503129959106
2468.646025657654
2469.618797302246
2486.6591453552246
2484.3219995498657
2486.697292327881
2485.8963012695312
2486.1599445343018
2486.8728160858154
2487.0710372924805
2488.019800186157
2490.8281564712524
2489.0015363693237
2489.3572568893433
2490.363025665283
2489.7544622421265
2491.409945487976
2487.1576070785522
2500.4868507385254
2499.967646598816
2500.6189584732056
2499.4848012924194
2496.4082956314087
2497.149872779846
2504.9384355545044
2496.723246574402
2495.242404937744
2498.7881422042847
2496.434164047241
2497.2980976104736
2498.285961151123
2495.7281589508057
2499.0447998046875
2497.868037223816
2497.8058576583862
2499.892568588257
2505.1288843154907
2500.1823902130127
2500.888466835022
2501.9572734832764
2500.921154022217
2505.078887939453
2505.8619022369385
2503.1864404678345
2504.7752380371094
2506.1546564102173
2504.5034170150757
2500.4231691360474
2510.5778455734253
2514.755439758301
2515.439558029175
2516.215467453003
2516.414523124695
2515.8482551574707
2516.124749183655
2517.7265405654907
2516.1441326141357
2520.3556776046753
2517.151427268982
2516.7882919311523
2518.0675506591797
2520.2152490615845
2519.0367698669434
2519.4626808166504
2519.4488048553467
2520.2019929885864
2521.98269367218
2520.3006744384766
2522.262120246887
2521.5073823928833
2522.0086574554443
2524.6182441711426
2524.008846282959
2524.9544382095337
2525.369691848755
2524.5829105377197
2527.35333442688
2524.008870124817
2553.0587196350098
2556.7615270614624
2560.4378938674927
2561.653971672058
2560.3256464004517
2560.5839490890503
2557.267999649048
2557.7688932418823
2558.4657430648804
2559.3578815460205
2560.764193534851
2560.9248399734497
2562.3998880386353
2562.807250022888
2564.0002250671387
2562.905240058899
2564.749765396118
2561.9961500167847
2567.8234577178955
2564.9319410324097
2564.9921894073486
2564.8662090301514
2566.092586517334
2566.3674354553223
2567.938256263733
2566.3750886917114
2568.2946920394897
2572.1656560897827
2570.1197624206543
2561.2484216690063
2556.875967979431
2557.7669620513916
2560.910391807556
2560.5047464370728
2557.1404933929443
2558.6551189422607
2558.770489692688
2561.280131340027
2557.0406675338745
2557.9076528549194
2558.4086656570435
2559.487462043762
2559.2666625976562
2559.908699989319
2559.3087911605835
2562.4762058258057
2563.725423812866
2562.010908126831
2564.127779006958
2562.488102912903
2565.337014198303
2565.403890609741
2562.8687858581543
2563.8638973236084
2565.7187461853027
2568.748641014099
2565.754771232605
2568.74840259552
2568.0951356887817
2560.3938579559326
2576.532745361328
2577.246379852295
2578.043246269226
2579.3872117996216
2576.465058326721
2580.558753013611
2578.743052482605
2579.3397188186646
2580.538249015808
2578.3777713775635
2581.446862220764
2581.6364526748657
2582.1330785751343
2580.667209625244
2580.932593345642
2582.570505142212
2581.6892623901367
2583.3022594451904
2583.597230911255
2583.6856365203857
2585.324454307556
2583.049416542053
2585.36856174469
2584.8005056381226
2587.6583337783813
2584.236192703247
2585.794234275818
2588.8060331344604
2591.1782264709473
2581.6354751586914
2598.208165168762
2596.304202079773
2597.873067855835
2594.7999238967896
2592.5925731658936
2591.820740699768
2593.3224201202393
2596.52783870697
2591.8981552124023
2593.3170557022095
2597.576117515564
2599.0737915039062
2597.675037384033
2599.4247674942017
2599.594783782959
2599.2236614227295
2604.089093208313
2598.809337615967
2598.551344871521
2599.017596244812
2601.822805404663
2599.686598777771
2598.9628553390503
2601.0640621185303
2605.3395986557007
2600.535297393799
2603.5929679870605
2603.843927383423
2602.9465913772583
2602.7690410614014
2611.3872051239014
2615.535855293274
2618.1880235671997
2619.1085815429688
2619.7057247161865
2620.18141746521
2620.6888675689697
2620.823550224304
2620.5421447753906
2618.4030771255493
2619.627594947815
2620.8001852035522
2620.7842111587524
2623.227381706238
2625.4457235336304
2624.038577079773
2621.938729286194
2624.701404571533
2625.324034690857
2623.734760284424
2626.434898376465
2625.126099586487
2626.943826675415
2628.058695793152
2627.9362440109253
2628.7464141845703
2627.2337675094604
2626.34699344635
2628.37131023407
2621.234679222107
2638.207006454468
2639.1875982284546
2636.2425565719604
2634.559440612793
2633.5057258605957
2634.2124462127686
2681.5794944763184
2679.3436765670776
2681.090497970581
2679.7527551651
2681.0792207717896
2681.908059120178
2682.9015493392944
2682.894778251648
2684.2302560806274
2683.127284049988
2685.3129863739014
2684.3682765960693
2686.607885360718
2689.6355628967285
2688.6801958084106
2687.560510635376
2687.8307342529297
2689.641213417053
2688.7805223464966
2689.3027782440186
2688.408088684082
2689.609956741333
2696.3408708572388
2680.3067445755005
2700.6170988082886
2704.019021987915
2705.766797065735
2701.6448736190796
2707.3391914367676
2700.8334636688232
2699.657106399536
2698.0626344680786
2699.1577863693237
2698.9710807800293
2698.9609956741333
2697.801971435547
2704.460573196411
2700.0129222869873
2701.8853902816772
2699.978804588318
2700.979804992676
2702.348041534424
2703.608822822571
2702.162551879883
2704.088544845581
2703.042244911194
2705.8374166488647
2704.9750089645386
2707.6510190963745
2706.330919265747
2707.381296157837
2706.2999725341797
2708.8433742523193
2699.13227558136
2719.624900817871
2724.030303955078
2722.3822355270386
2719.057583808899
2720.431876182556
2719.978666305542
2720.085620880127
2720.994734764099
2721.1899042129517
2720.093870162964
2723.2484817504883
2720.3653812408447
2721.8292474746704
2721.678638458252
2724.4813203811646
2721.499013900757
2723.694062232971
2720.9702491760254
2726.865792274475
2725.7227420806885
2728.6564350128174
2728.171396255493
2729.4313192367554
2728.487706184387
2728.6423206329346
2726.4103174209595
2729.2487621307373
2728.460645675659
2729.0151834487915
2717.4295902252197
2737.2963190078735
2740.6168937683105
2741.819477081299
2740.15793800354
2742.6403284072876
2739.15433883667
2739.6116256713867
2739.7212743759155
2739.684772491455
2737.866163253784
2738.4122371673584
2737.6309394836426
2738.699221611023
2738.674473762512
2740.1336669921875
2740.6610012054443
2741.794514656067
2741.5680646896362
2746.2512493133545
2743.955636024475
2744.7083711624146
2744.9663162231445
2748.076915740967
2749.1665363311768
2746.1164951324463
2745.535969734192
2749.245762825012
2749.8929262161255
2753.746747970581
2736.574172973633
2760.308265686035
2764.503788948059
2763.911509513855
2761.0177993774414
2761.493158340454
2759.750819206238
2760.254693031311
2761.4728689193726
2760.0411891937256
2762.100863456726
2762.8716707229614
2762.8220796585083
2762.629818916321
2763.0520820617676
2763.9461755752563
2761.0617637634277
2765.2783155441284
2764.344906806946
2764.158272743225
2764.4505977630615
2765.649199485779
2767.115092277527
2768.4184551239014
2767.7452325820923
2768.3513879776
2770.8655834198
2771.510100364685
2772.4029302597046
2771.737003326416
2760.4371547698975
2780.350351333618
2781.9363355636597
2782.951545715332
2781.3989400863647
2779.7635316848755
2780.9500455856323
2781.3594102859497
2779.4475078582764
2777.7461767196655
2782.474184036255
2781.476902961731
2780.348300933838
2779.914712905884
2777.9380321502686
2786.212182044983
2781.265878677368
2783.318829536438
2783.667206764221
2784.462547302246
2784.266257286072
2783.4145307540894
2787.933373451233
2785.3224515914917
2784.350299835205
2788.6292695999146
2787.18318939209
2789.052939414978
2786.633014678955
2787.8581047058105
2778.587818145752
2804.4387578964233
2805.372476577759
2804.749274253845
2806.168532371521
2806.5253257751465
2803.6157369613647
2801.528763771057
2801.37300491333
2802.5023460388184
2803.0826807022095
2805.7103395462036
2803.7988424301147
2804.2534828186035
2805.1104307174683
2804.7706842422485
2805.199432373047
2806.42352104187
2804.8474073410034
2806.71067237854
2806.664228439331
2810.676646232605
2807.0603370666504
2809.6508026123047
2809.3345880508423
2810.577893257141
2810.979175567627
2809.7707986831665
2812.009644508362
2812.640333175659
2800.7181882858276
2820.904779434204
2823.909306526184
2824.8502492904663
2822.500729560852
2823.713970184326
2826.0056018829346
2819.506859779358
2817.697334289551
2818.8366413116455
2823.474621772766
2820.647668838501
2820.4734086990356
2821.862745285034
2822.2999334335327
2826.8990516662598
2823.224186897278
2826.4100074768066
2823.011088371277
2826.9590377807617
2827.413320541382
2826.612138748169
2825.4973888397217
2827.5087118148804
2826.95209980011
2829.5366764068604
2828.8453578948975
2829.5848846435547
2829.1441440582275
2830.90922832489
2821.943974494934
2844.473648071289
2846.3727235794067
2849.2199897766113
2844.4165468215942
2844.358706474304
2843.447160720825
2846.550726890564
2844.493818283081
2847.1476078033447
2843.5079097747803
2845.4193115234375
2846.9374656677246
2845.2446937561035
2845.0925827026367
2848.6159801483154
2854.500436782837
2846.9731092453003
2848.0037689208984
2850.5178213119507
2848.31600189209
2859.1181993484497
2851.970672607422
2849.5288848876953
2855.535936355591
2851.890707015991
2850.802254676819
2853.7075519561768
2854.6453714370728
2854.479217529297
2840.327501296997
2869.4956064224243
2872.5839376449585
2872.428560256958
2872.7652549743652
2868.3297395706177
2866.2259817123413
2865.15953540802
2867.274832725525
2868.051338195801
2866.9007778167725
2867.658019065857
2868.9016580581665
2868.726706504822
2867.4922704696655
2869.9273347854614
2869.8259353637695
2871.0419178009033
2872.821354866028
2872.219133377075
2870.6557512283325
2872.9953289031982
2872.249746322632
2873.833727836609
2871.46999835968
2874.0633964538574
2873.7022161483765
2874.7665405273438
2873.9892959594727
2882.69624710083
2867.1285152435303
2894.7461128234863
2897.192358970642
2898.388886451721
2894.6581840515137
2897.998094558716
2898.6834287643433
2894.720959663391
2899.8116970062256
2898.08030128479
2898.5883712768555
2902.2958278656006
2898.381280899048
2903.286290168762
2902.189254760742
2901.481509208679
2903.2580375671387
2902.558207511902
2901.082754135132
2903.668165206909
2903.178095817566
2904.5106410980225
2904.1733980178833
2906.0324907302856
2901.555609703064
2903.524613380432
2904.4317722320557
2904.3174982070923
2908.8778734207153
2906.787919998169
2887.6916646957397
2906.756019592285
2910.6518507003784
2912.5797271728516
2914.9203777313232
2912.441611289978
2909.3788623809814
2909.4821214675903
2917.157554626465
2966.237998008728
2965.594005584717
2967.8884506225586
2965.556812286377
2970.947504043579
2968.545436859131
2970.833921432495
2969.5062398910522
2971.1151123046875
2969.7705507278442
2970.8746433258057
2970.651960372925
2972.496008872986
2973.4118938446045
2973.229932785034
2972.7072715759277
2975.943112373352
2972.2184896469116
2978.276038169861
2976.9152402877808
2977.9513597488403
2965.4621601104736
2992.0202255249023
2993.889093399048
2993.2045459747314
2991.2458896636963
2988.6420249938965
2930.3870677948
2933.304786682129
2930.024480819702
2935.5886459350586
2966.4796829223633
2997.8841066360474
2957.227897644043
2933.487868309021
2933.5619688034058
2935.2574348449707
2933.5802793502808
2937.4781608581543
2932.8468322753906
2938.684630393982
2937.151622772217
2936.7666959762573
2937.4956846237183
2940.17972946167
2937.8585815429688
2938.2264137268066
2939.9866819381714
2942.629098892212
2938.0972385406494
2942.836856842041
2925.5616188049316
2946.875786781311
2946.7025756835938
2946.720838546753
2943.237805366516
2944.644522666931
2941.867518424988
2949.527382850647
2938.9445066452026
2941.1431312561035
2937.4013662338257
2942.9012775421143
2942.6032543182373
2942.167115211487
2943.963670730591
2944.3324089050293
2946.5203285217285
2944.9768781661987
2944.8810815811157
2946.2145566940308
2945.2819108963013
2948.811435699463
2946.8979597091675
2949.218249320984
2947.4745512008667
2949.720621109009
2949.3780612945557
2952.2376537323
2952.5888681411743
2954.878044128418
2941.209077835083
2972.703719139099
2970.7823276519775
2976.476550102234
2970.237398147583
2972.5810527801514
2969.905948638916
2969.6895122528076
2971.8864917755127
2972.332215309143
2971.4680910110474
2972.730827331543
2975.438404083252
2971.512484550476
2968.786859512329
2973.0791091918945
2970.6732511520386
2976.9256591796875
2972.0956802368164
2975.6546020507812
2973.940324783325
2978.074312210083
2975.8996725082397
2977.1403074264526
2973.9179611206055
2982.837390899658
2975.933885574341
2979.4185638427734
2978.212261199951
2978.5855054855347
2967.016386985779
2992.367696762085
2994.548487663269
2996.378779411316
2996.1580753326416
2994.0863370895386
2990.695071220398
2991.6611909866333
2989.4054412841797
2996.6044664382935
2991.9655084609985
2992.692184448242
2991.743230819702
2992.8510427474976
2993.423914909363
2995.5896615982056
2999.651837348938
2997.9462146759033
2993.3557987213135
2996.958875656128
2993.6666011810303
2999.6413230895996
2997.9268312454224
2998.5769033432007
2998.8462686538696
3002.909994125366
2997.398781776428
2999.408984184265
3000.2408266067505
3001.8606424331665
2987.291979789734
3019.276237487793
3020.1575994491577
3019.9267625808716
3016.3809299468994
3018.8435792922974
3014.9881839752197
3017.364764213562
3015.3725385665894
3018.7068223953247
3018.073606491089
3020.6538438796997
3015.5197143554688
3019.157576560974
3016.245222091675
3019.9363470077515
3018.4542894363403
3022.32882976532
3019.796895980835
3024.6121883392334
3022.5579977035522
3024.7942447662354
3022.1545457839966
3025.9623050689697
3026.6843795776367
3025.2077102661133
3024.0233659744263
3027.5697469711304
3023.162078857422
3029.4649600982666
3007.2476863861084
3032.3251247406006
3034.348726272583
3038.6003017425537
3035.7388496398926
3032.432460784912
3032.1306228637695
3032.055377960205
3030.501866340637
3031.597113609314
3034.7145080566406
3032.8465938568115
3032.880759239197
3035.6380701065063
3031.889843940735
3034.938097000122
3039.078116416931
3037.3563051223755
3033.432674407959
3034.8020553588867
3034.898042678833
3037.936782836914
3037.050175666809
3038.2997512817383
3043.3311462402344
3043.719792366028
3037.7031087875366
3042.1553134918213
3041.3565158843994
3044.4714784622192
3025.6151914596558
3059.2527866363525
3061.4830255508423
3063.692831993103
3057.7239513397217
3060.5230569839478
3055.273914337158
3058.041739463806
3055.191445350647
3059.8867177963257
3056.9297790527344
3060.961604118347
3057.98716545105
3061.3767862319946
3058.897376060486
3061.051058769226
3064.9871110916138
3061.446261405945
3059.712338447571
3063.6663675308228
3063.2472038269043
3066.120409965515
3064.951968193054
3071.3438272476196
3066.416120529175
3068.746590614319
3066.084933280945
3069.3301677703857
3066.4287090301514
3071.912956237793
3053.992247581482
3079.1380643844604
3075.732636451721
3079.6138763427734
3075.076127052307
3073.0769634246826
3073.642086982727
3073.4971046447754
3074.2586612701416
3075.711512565613
3070.450711250305
3077.8384923934937
3073.3468770980835
3077.941679954529
3074.802279472351
3076.2558221817017
3075.1479864120483
3079.255533218384
3078.1784772872925
3081.5344095230103
3081.3749074935913
3082.068657875061
3080.85401058197
3082.2279691696167
3085.6597185134888
3082.173991203308
3082.6491594314575
3084.3194007873535
3083.822250366211
3085.5417490005493
3067.726421356201
3108.072066307068
3101.1045694351196
3102.9870748519897
3100.472092628479
3101.262950897217
3099.9404668807983
3099.475646018982
3096.896195411682
3100.818872451782
3102.6560068130493
3101.6913175582886
3099.223780632019
3102.5928020477295
3100.576329231262
3100.2694606781006
3101.4593362808228
3104.1943311691284
3103.374695777893
3108.472466468811
3106.9841623306274
3106.2819719314575
3105.1474571228027
3107.6162576675415
3104.7537565231323
3107.8858852386475
3105.581760406494
3110.3817462921143
3106.268310546875
3109.269380569458
3093.3228254318237
3116.351103782654
3116.640329360962
3121.7934608459473
3118.511152267456
3117.2815084457397
3115.757465362549
3116.5886878967285
3115.671467781067
3116.6698694229126
3116.6181087493896
3117.980742454529
3117.564582824707
3119.497060775757
3118.6400651931763
3120.572018623352
3119.102430343628
3121.5157985687256
3122.892165184021
3122.7214574813843
3122.5274801254272
3122.3020553588867
3122.4040269851685
3121.821093559265
3122.992992401123
3126.7313718795776
3124.5253324508667
3126.0173320770264
3124.6585845947266
3128.233742713928
3110.207438468933
3146.0055589675903
3147.613310813904
3149.6041297912598
3148.3017444610596
3144.815444946289
3145.1022624969482
3143.4669971466064
3144.041395187378
3143.6694622039795
3143.6230421066284
3148.6597299575806
3144.2195653915405
3148.0475664138794