264.6242618560791
264.91949558258057
265.1139736175537
265.19932746887207
265.1285409927368
265.92578887939453
265.8252000808716
266.1068916320801
266.31791591644287
266.7520046234131
266.8292045593262
266.329288482666
267.2556161880493
266.7170763015747
267.61064529418945
267.7144765853882
268.13976764678955
268.13039779663086
268.0419683456421
267.75195598602295
268.3302402496338
268.444561958313
268.8915491104126
268.9261198043823
268.82219314575195
269.97036933898926
269.950008392334
269.77481842041016
269.4880962371826
269.67058181762695
270.53377628326416
270.2964782714844
270.2945947647095
270.30179500579834
270.6447124481201
270.6757068634033
271.1862325668335
271.9905138015747
272.0534324645996
272.7686405181885
273.0900287628174
273.1363773345947
272.6992607116699
272.7648973464966
272.41339683532715
272.9404926300049
272.9687213897705
273.1308937072754
273.3497619628906
273.57566356658936
273.9042282104492
274.481725692749
275.3532409667969
274.9028205871582
274.892783164978
275.1295566558838
275.2296447753906
275.73440074920654
274.5596170425415
274.95198249816895
275.4150390625
275.21164417266846
275.5873918533325
275.5275011062622
276.33323669433594
276.1110305786133
276.7139434814453
276.9564628601074
276.4648675918579
276.98378562927246
276.5969753265381
277.15325355529785
278.13971042633057
278.05371284484863
278.1822443008423
278.14929485321045
278.4782886505127
278.23333740234375
279.2534351348877
278.696346282959
279.04109954833984
279.1072368621826
279.1238069534302
279.25848960876465
279.23946380615234
280.29563426971436
280.58674335479736
280.66813945770264
280.68981170654297
280.8746576309204
280.3361415863037
280.34119606018066
280.25856018066406
280.65950870513916
280.99348545074463
281.2446117401123
281.3335657119751
281.39944076538086
281.30834102630615
281.3732862472534
282.2150468826294
281.7999839782715
283.1460952758789
283.05044174194336
283.2606077194214
283.5057735443115
282.66448974609375
283.62274169921875
283.76691341400146
283.8404417037964
284.48712825775146
285.1229190826416
284.423828125
283.92364978790283
284.6285343170166
284.77184772491455
284.60357189178467
285.48972606658936
285.2825403213501
285.75754165649414
285.96270084381104
285.90312004089355
285.90829372406006
285.9506130218506
286.28456592559814
286.8614435195923
287.1997833251953
287.50579357147217
287.29240894317627
287.29257583618164
287.6338005065918
287.3692750930786
288.18933963775635
288.16797733306885
288.45582008361816
288.6091709136963
287.9956245422363