528.7700176239014
532.2942972183228
532.2998285293579
532.3652744293213
532.3276519775391
528.5911321640015
528.5373210906982
528.565502166748
528.6755323410034
529.5056581497192
529.4974088668823
529.5520067214966
529.6061038970947
529.6800851821899
529.6592235565186
529.6844720840454
529.7276973724365
529.2402505874634
529.2511463165283
529.2041063308716
529.2865514755249
529.3305158615112
529.3599843978882
529.3893814086914
529.3893814086914
529.4708251953125
529.3150901794434
529.340386390686
529.418134689331
529.4275283813477
529.4982671737671
529.4973611831665
529.5488119125366
529.5929193496704
529.6643495559692
529.651927947998
529.6493291854858
529.6463251113892
529.757833480835
529.8280239105225
529.8990726470947
529.8859357833862
524.0083456039429
520.3878164291382
520.7485437393188
520.8463430404663
520.3590869903564
521.1524963378906
520.6219434738159
520.5279111862183
520.7486391067505
520.6527948379517
520.7377910614014
520.8152055740356
521.0601568222046
521.0016489028931
520.930552482605
520.909857749939
521.2249994277954
521.3776111602783
521.0547685623169
521.201229095459
521.7853546142578
521.3934898376465
521.1883068084717
521.3508367538452
521.2502002716064
522.2843647003174
521.8637943267822
521.8931913375854
521.7875242233276
521.6690540313721
521.9797611236572
521.4271306991577
521.5100049972534
521.9774007797241
521.8541860580444
521.7597961425781
521.7978954315186
521.8247175216675
521.9051122665405
522.4183082580566
522.7766990661621
522.5492238998413
522.4144458770752
522.2640037536621
522.2440719604492
522.5386381149292
522.4900484085083
522.3887920379639
522.3528146743774
522.5632190704346
522.4911689758301
523.250675201416
522.5124359130859
523.3702182769775
522.7625846862793
522.6342678070068
522.945499420166
523.5810041427612
523.0208158493042
522.8189706802368
522.7896451950073
522.8967666625977
523.6481189727783
523.4767198562622
523.2807874679565
523.3922481536865
523.2862234115601
523.290491104126
523.4133720397949
523.5241651535034
523.8323450088501
524.0052461624146
523.742413520813
523.8067865371704
523.949384689331
524.1591453552246
524.434494972229
523.8184213638306
524.1477012634277
524.1017818450928
523.9866733551025
524.048924446106
524.064040184021
524.0707635879517
524.0210056304932
524.2176532745361
525.2609252929688
524.9538660049438
524.3510007858276
524.442195892334
524.5395183563232
524.8016119003296
526.0524034500122
524.8596668243408
524.6181011199951
525.0452280044556
524.94797706604
524.9049425125122
525.1467227935791
525.0711679458618
524.9736785888672
525.2124071121216
525.1378297805786
525.7614374160767
526.2130260467529
525.5957841873169
525.3612995147705
525.6145000457764
525.3749847412109
525.3945827484131
525.8080720901489
525.3663539886475
525.3586530685425
525.4453897476196
525.60875415802
525.8158922195435
525.7635354995728
525.5687713623047
525.5534410476685
525.5541801452637
525.7795810699463
524.706768989563
524.3709325790405
524.4082450866699
524.3868589401245
524.5307922363281
524.5256662368774
524.5826721191406
524.9430894851685
524.7534275054932
524.7128009796143
524.9615430831909
524.8911142349243
524.9754428863525
524.9987363815308
525.1186847686768
525.0810861587524
525.1718044281006
525.3075122833252
525.2859830856323
525.2750873565674
525.3684759140015
525.4047155380249
525.5419731140137
525.4294633865356
525.3925085067749
525.5232572555542
525.5205392837524
525.5677700042725
525.6564140319824
526.4284372329712
525.8790731430054
525.7716417312622
525.8596897125244
525.848650932312
525.901460647583
525.9392023086548
525.9323120117188
526.1147975921631
526.1746883392334
526.198673248291
526.4478921890259
526.3124942779541
526.3987064361572
526.4397621154785
526.5286922454834
526.665997505188
526.6485214233398
526.6147375106812
526.6140699386597
526.6945362091064
526.71217918396
526.7924547195435
526.6954183578491
526.7946481704712
526.8539667129517
526.934289932251
527.0978450775146
527.0113945007324
527.0876407623291
527.0790576934814
527.1631002426147
527.1812677383423
527.3068904876709
527.2768974304199
527.3876905441284
527.3925065994263
527.573299407959
527.6779651641846
527.6643514633179
527.8527736663818
527.8622388839722
527.8189420700073
527.9565095901489
527.9877424240112
527.9393196105957
527.9886245727539
528.0521631240845
528.1195402145386
528.2000780105591
528.5696506500244
528.3299207687378
528.2274961471558
528.2384872436523
528.2377481460571
528.321099281311
528.376579284668
528.3815860748291
528.4942150115967
528.5361051559448
528.6007642745972
528.8011789321899
528.6338806152344
528.6484718322754
528.6583662033081
533.8634490966797
533.8435411453247
534.0923070907593
534.134030342102
534.4086408615112
534.4513416290283
534.4359636306763
534.623646736145
534.5112323760986
534.881067276001
535.5417251586914
534.629225730896
534.7431898117065
534.7314834594727
534.8310470581055
533.6575269699097
525.8754730224609
526.174521446228
525.2139568328857
525.4616737365723
525.2511978149414
525.3245830535889
525.2748489379883
525.6861925125122
526.6372442245483
526.4431238174438
526.1584758758545
525.5699872970581
525.7511138916016
525.6783962249756
526.4657258987427
526.5139818191528
527.2539854049683
526.6842365264893
527.3810386657715
526.8397569656372
526.5722513198853
527.0377397537231
526.7220735549927
527.4282932281494
527.7681112289429
527.2253036499023
527.4441480636597
527.8525114059448
527.5375843048096
527.4825811386108
527.4302959442139
526.6684532165527
527.0326614379883
528.3215999603271
527.0360231399536
527.728009223938
528.1784534454346
527.1749019622803
527.3610591888428
527.0918369293213
527.7547597885132
527.3941278457642
527.6123523712158
527.417254447937
527.4485349655151
528.194522857666
528.2872438430786
527.7565956115723
528.2885789871216
528.1032085418701
528.7992715835571
528.2193660736084
528.0855417251587
528.6060571670532
528.0418634414673
528.3161878585815
528.9403676986694
529.8377752304077
530.1106929779053
528.6321640014648
528.2903909683228
528.3360719680786
528.2521724700928
529.1422605514526
529.788613319397
529.4450521469116
529.8086643218994
528.4805059432983
528.6339521408081
528.4424543380737
528.6825180053711
529.1611671447754
528.9956092834473
528.5999536514282
529.5121669769287
529.4731855392456
529.4083833694458
529.8650026321411
529.7222852706909
529.5752286911011
529.0710926055908
529.828667640686
530.484676361084
530.354642868042
529.3511629104614
529.3155431747437
529.4068813323975
529.3068408966064
529.1698455810547
529.4633388519287
530.7477235794067
530.8398008346558
529.7003507614136
530.335259437561
530.6746006011963
530.7397842407227
529.850959777832
529.8282861709595
530.0320625305176
530.4288148880005
530.6149005889893
530.004358291626
530.3746938705444
531.5913200378418
530.9333562850952
531.0696840286255
530.8567762374878
531.5937757492065
531.1139822006226
530.4324150085449
531.278395652771
531.8809509277344
530.7074546813965
530.5392026901245
531.4235210418701
531.6453695297241
531.2371969223022
530.9351682662964
530.9802055358887
531.153154373169
532.2531938552856
531.5808057785034
531.0968637466431
531.0887336730957
531.9153308868408
532.154393196106
531.8967819213867
531.2649250030518
532.0744037628174
532.4523210525513
532.6695442199707
531.7095279693604
531.6106796264648
531.4065456390381
531.7789077758789
532.4906349182129
533.1830978393555
533.1090927124023
532.9999685287476
535.0189685821533
533.7041139602661
533.0965042114258
532.9075813293457
533.5310459136963
533.1937074661255
532.9104661941528
533.3070039749146
533.635687828064
533.0087661743164
532.588529586792
531.6011190414429
531.8300724029541
531.8974494934082
531.7471265792847
531.5779209136963
531.5857887268066
531.9376230239868
532.0102453231812
531.8694353103638
531.9762229919434
531.651496887207
532.5032949447632
532.5749397277832
531.8291187286377
531.694483757019
532.418417930603
532.5424909591675
532.5733661651611
532.6001644134521
532.3612451553345
532.5921773910522
532.6225996017456
532.935905456543
532.8253030776978
532.8084707260132
532.7527761459351
532.4833154678345
532.3845624923706
532.9159259796143
532.8670978546143
533.1787586212158
533.1326246261597
533.1661462783813
533.2580089569092
533.1712961196899
533.2052707672119
533.2964658737183
533.3292245864868
533.5144758224487
533.3408117294312
533.4661722183228
533.528733253479
533.5060596466064
533.505129814148
533.5831642150879
533.9250326156616
534.3076944351196
534.0716600418091
534.0052843093872
533.9351654052734
534.0222835540771
534.1283798217773
534.4010829925537
534.2372417449951
534.2571020126343
534.2502593994141
534.4090461730957
534.3204021453857
534.3400478363037
534.4619512557983
534.5109462738037
534.4057321548462
534.5260620117188
534.552264213562
534.7604990005493
534.86328125
534.8839044570923
534.8721027374268
535.0028276443481
534.9377155303955
534.9057674407959
534.9778413772583
534.9300622940063
534.8059177398682
534.8353147506714
534.8863124847412
535.2344989776611
535.4814291000366
535.544753074646
535.5250120162964
535.6830358505249
535.6714725494385
535.8051538467407
535.7963562011719
535.9581708908081
536.2886190414429
536.3594055175781
536.148190498352
536.3171815872192
536.2037420272827
536.1598968505859
536.211633682251
536.4251613616943
536.3035440444946
536.7059946060181
536.7570638656616
536.8633270263672
536.5688800811768
536.5617990493774
536.57386302948
536.6201877593994
536.7680549621582
536.7489576339722
536.73415184021
536.7330074310303
536.7367506027222
537.1020317077637
537.0878458023071
537.0995998382568
537.092924118042
537.1351957321167
537.1697902679443
537.3048543930054
537.3708009719849
537.6666069030762
537.5226974487305
537.7342700958252
537.6543760299683
537.6200914382935
537.4939441680908
537.5734090805054
537.6107692718506
537.5792264938354
537.7858877182007
537.7650260925293
537.8070831298828
537.9561901092529
538.105058670044
538.0742788314819
538.1690263748169
538.1909370422363
538.179612159729
538.186502456665
538.2794380187988
538.1739854812622
538.273286819458
538.386082649231
538.5189056396484
538.6980772018433
538.8387203216553
538.8688564300537
538.880181312561
538.8122320175171
538.734769821167
538.9801979064941
538.9372825622559
538.7847900390625
538.9338970184326
539.2051219940186
539.1423940658569
539.1170740127563
539.2391204833984
539.275050163269
539.2607688903809
539.2261505126953
539.1467332839966
539.3722534179688
539.4968748092651
539.3587112426758
539.3555402755737
539.5987033843994
539.5017623901367
539.5642995834351
539.5356893539429
539.4360780715942
539.5620584487915
540.0920629501343
540.1529550552368
539.8785591125488
539.9627208709717
540.4311180114746
540.2752876281738
539.9969577789307
540.2582406997681
540.6163215637207
540.2947425842285
540.1221513748169
540.5478239059448
540.6020402908325
540.977144241333
540.5407466888428
540.9738063812256
540.5813217163086
540.2277231216431
541.1414861679077
541.1851644515991
541.1734104156494
541.1947011947632
541.1911725997925
541.2375211715698
541.0761594772339
542.4518823623657
541.312575340271
541.1791563034058
541.399335861206
541.275691986084
541.493821144104
541.6207313537598
541.767430305481
541.9044494628906
541.9908046722412
541.7721033096313
541.8260097503662
541.9025421142578
542.1836137771606
542.1428203582764
542.2061443328857
542.3621892929077
542.0506000518799
542.0931100845337
542.0834541320801
542.170262336731
542.3384666442871
542.2677278518677
542.297625541687
542.3321008682251
542.5400495529175
542.3654317855835
542.6063776016235
542.5139904022217
542.4965143203735
542.6386117935181
542.6676273345947
542.7927255630493
542.7390813827515
542.6093339920044
542.8550958633423
542.8340911865234
543.0330991744995
543.1302547454834
543.1135416030884
543.1245565414429
543.1516170501709
543.018913269043
543.4553146362305
543.2986974716187
543.0116891860962
543.0835962295532
543.4027910232544
543.4942245483398
543.5040950775146
543.237566947937
543.2994365692139
543.3640003204346
543.6100244522095
543.1442022323608
543.3681011199951
543.7370777130127
543.5074329376221
543.1066036224365
543.4892654418945
543.8467264175415
543.7161684036255
543.7870502471924
543.7518358230591
543.8108682632446
544.7284936904907
544.6250677108765
544.7912454605103
544.506311416626
544.5680856704712
544.5740938186646
544.6796417236328
544.5306062698364
544.6040153503418
544.6094989776611
544.616436958313
544.9018955230713
544.8404550552368
544.8994874954224
544.8332786560059
544.7829008102417
544.9646234512329
544.9957370758057
545.0328826904297
545.0751304626465
544.8118209838867
544.926118850708
545.1266050338745
544.7901010513306
544.9716091156006
545.032000541687
545.2471494674683
545.3832149505615
545.7966089248657
545.5130100250244
545.4469680786133
545.7123279571533
545.7745552062988
545.8945512771606
545.5889940261841
545.7142353057861
545.7787752151489
545.9015130996704
546.1236000061035
546.2401151657104
546.3547468185425
546.0845947265625
546.3073253631592
546.0351705551147
546.6135263442993
546.3650941848755
546.2049961090088
546.1225986480713
546.1948156356812
546.1735010147095
546.3198184967041
546.405553817749
546.6074705123901
546.6339111328125
546.8682527542114
546.6469049453735
546.7360019683838
546.5805768966675
546.5958118438721
546.6816186904907
546.7924118041992
546.7979431152344
547.2595691680908
547.0005035400391
547.2554683685303
547.3493099212646
547.25501537323
547.0665693283081
547.1611499786377
547.2571134567261
547.162914276123
547.1628427505493
547.2800731658936
547.2793579101562
547.2221851348877
547.163200378418
547.252368927002
547.2665548324585
547.2857236862183