156.37760162353516
156.73673152923584
156.80079460144043
157.04517364501953
157.16416835784912
157.3608160018921
157.47692584991455
157.7780246734619
157.83300399780273
157.95698165893555
158.17265510559082
158.35115909576416
158.32531452178955
158.35936069488525
158.61403942108154
158.78067016601562
159.0625524520874
159.13660526275635
159.36570167541504
159.3877077102661
159.6320629119873
159.7684621810913
159.90097522735596
160.10794639587402
160.27371883392334
160.49396991729736
160.59672832489014
160.69989204406738
160.87689399719238
161.0037326812744
161.09685897827148
161.39147281646729
161.55328750610352
161.73343658447266
161.8232011795044
161.96062564849854
162.20414638519287
162.21213340759277
162.4312162399292
162.54818439483643
162.69574165344238
162.8162384033203
163.19661140441895
163.0810260772705
163.35713863372803
163.30430507659912
161.92584037780762
160.58213710784912
160.95991134643555
160.9619140625
161.1719846725464
161.29131317138672
161.58945560455322
161.63053512573242
161.80167198181152
161.8819236755371
162.35687732696533
162.2506856918335
162.38555908203125
162.47875690460205
162.58549690246582
162.76278495788574
162.98210620880127
163.61770629882812
163.5326385498047
163.37299346923828
163.5007619857788
163.90273571014404
163.82813453674316
164.08462524414062
164.16873931884766
164.40656185150146
164.5352840423584
164.55166339874268
164.89288806915283
165.18139839172363
165.32461643218994
165.5972719192505
165.81048965454102
165.8491611480713
165.93384742736816
166.141676902771
166.2635087966919
166.56711101531982
166.7168378829956
166.65418148040771
166.94562435150146
167.21982955932617
167.22309589385986
167.48731136322021
167.48597621917725
167.67075061798096
167.87712574005127
167.95990467071533
168.07143688201904
168.29562187194824
168.39792728424072
168.54465007781982
168.97974014282227
169.11630630493164
168.84450912475586
169.17736530303955
169.24607753753662
169.35999393463135
169.35510635375977
169.36242580413818
169.51396465301514
169.68331336975098
170.14429569244385
170.26770114898682
170.1763391494751
170.26441097259521
170.6195592880249
170.50769329071045
170.6195592880249
170.82812786102295
170.9219455718994
171.0433006286621
171.14500999450684
171.3106632232666
171.52416706085205
171.53427600860596
171.72229290008545
171.76942825317383
172.25210666656494
172.53711223602295
172.5437879562378
172.4372148513794