1383.6442232131958
1387.6805782318115
1389.5478963851929
1389.7382974624634
1389.870548248291
1384.7178220748901
1383.975601196289
1385.356068611145
1384.9376201629639
1385.9238624572754
1384.8835229873657
1386.8232727050781
1384.888195991516
1386.1139297485352
1385.8357667922974
1386.5132570266724
1385.7973337173462
1386.0955238342285
1385.875415802002
1385.9255075454712
1386.6588115692139
1386.8911743164062
1387.12797164917
1388.8903379440308
1386.8334531784058
1388.960337638855
1388.991355895996
1387.7872705459595
1389.6323204040527
1389.2245531082153
1390.3660774230957
1389.6610736846924
1389.3027544021606
1390.2854442596436
1390.1520729064941
1390.6760215759277
1390.559434890747
1389.6412134170532
1389.7016525268555
1390.9741401672363
1391.6557312011719
1389.6415710449219
1391.6056156158447
1391.4348602294922
1391.173505783081
1392.3423290252686
1392.8270101547241
1391.020131111145
1392.143726348877
1391.8861150741577
1393.7000274658203
1392.6486253738403
1393.0070161819458
1394.5073127746582
1391.874647140503
1393.8735485076904
1392.815923690796
1393.3030128479004
1393.2093143463135
1395.0376749038696
1394.5741176605225
1395.7393407821655
1395.2276945114136
1394.8882341384888
1395.7633018493652
1393.4931993484497
1394.4983959197998
1394.68412399292
1395.997428894043
1395.017910003662
1395.3214645385742
1394.9415445327759
1395.5209732055664
1395.314908027649
1396.3402032852173
1397.4027633666992
1396.2124824523926
1397.651767730713
1397.6669073104858
1396.7333316802979
1400.2097129821777
1396.9056129455566
1396.9958066940308
1398.0540990829468
1398.555827140808
1398.7185955047607
1397.5281953811646
1397.9001760482788
1399.06907081604
1398.6624717712402
1399.0355014801025
1401.120662689209
1400.0325918197632
1400.1156568527222
1398.978328704834
1400.6216764450073
1402.409029006958
1400.7505178451538
1401.172947883606
1401.4187574386597
1401.155138015747
1401.8121242523193
1400.8925914764404
1401.6820192337036
1401.301121711731
1402.8412342071533
1402.846121788025
1402.2337436676025
1402.795648574829
1402.517056465149
1403.0998706817627
1404.2579650878906
1403.2084703445435
1404.078722000122
1404.5722246170044
1403.0495405197144
1403.1397104263306
1404.3919801712036
1404.4673204421997
1404.316782951355
1404.1387557983398
1404.6031475067139
1403.4788131713867
1405.7373762130737
1406.2094449996948
1404.881763458252
1403.9958715438843
1408.22331905365
1405.3565502166748
1408.0344438552856
1406.246256828308
1406.4389944076538
1405.891489982605
1407.8980922698975
1406.6627025604248
1405.8117866516113
1408.5514783859253
1407.5748205184937
1406.8894624710083
1407.3941946029663
1406.7320108413696
1408.2298278808594
1408.0392837524414
1407.3566436767578
1409.0663194656372
1407.9209089279175
1410.2654695510864
1410.6739044189453
1409.0380668640137
1410.3847026824951
1408.9242458343506
1409.3345880508423
1411.2133979797363
1409.447455406189
1410.9078168869019
1411.7417097091675
1410.8153104782104
1410.5706691741943
1411.6694927215576
1412.1543169021606
1411.316442489624
1411.358904838562
1411.6660356521606
1412.2378587722778
1412.5234127044678
1411.5665435791016
1411.5751504898071
1413.2639646530151
1413.1287813186646
1411.8514776229858
1412.4414920806885
1413.0275964736938
1413.859224319458
1414.2238140106201
1413.5926246643066
1413.7727499008179
1413.6409759521484
1414.491844177246
1414.3949270248413
1414.3715143203735
1415.2241468429565
1416.1024808883667
1415.0073766708374
1416.5054082870483
1415.9196138381958
1417.0159101486206
1414.215898513794
1415.1288270950317
1415.993070602417
1418.006706237793
1417.1101331710815
1418.6545848846436
1417.7775621414185
1418.2881593704224
1418.4169054031372
1417.2792434692383
1416.2949085235596
1417.58131980896
1419.197392463684
1416.251540184021
1416.711163520813
1417.7685499191284
1419.9910879135132
1418.3923959732056
1419.306230545044
1418.5556650161743
1420.4904317855835
1418.8901901245117
1420.2142477035522
1420.2050924301147
1420.361852645874
1420.8992958068848
1419.7334051132202
1420.0162172317505
1422.0017194747925
1421.9433069229126
1420.8734035491943
1421.4014530181885
1421.7023849487305
1420.6763744354248
1423.094892501831
1423.0712890625
1422.6322412490845
1423.8885402679443
1422.9102611541748
1423.6708879470825
1422.7145433425903
1423.137378692627
1423.5267877578735
1423.687219619751
1423.3741760253906
1423.0009078979492
1424.2361307144165
1424.6745586395264
1425.049066543579
1424.6522665023804
1425.251579284668
1424.6181011199951
1425.5073308944702
1426.3893604278564
1423.9408016204834
1425.9536743164062
1425.844407081604
1427.7952194213867
1425.5223751068115
1427.0801544189453
1425.8288860321045
1426.8778562545776
1426.1836767196655
1425.6947994232178
1426.9132137298584
1427.9513835906982
1427.2693872451782
1428.10218334198
1428.6430358886719
1428.1131029129028
1429.3808460235596
1434.6879243850708
1434.9152088165283
1434.804105758667
1434.9875450134277
1434.5941066741943
1435.8262538909912
1435.5380058288574
1437.2083187103271
1435.381269454956
1436.5175247192383
1436.9579076766968
1437.3249053955078
1437.0669603347778
1437.0248794555664
1438.0471467971802
1438.655710220337
1437.9419326782227
1438.506555557251
1437.4126195907593
1438.2413864135742
1437.7036571502686
1437.6758337020874
1438.586139678955
1437.2595310211182
1438.0157709121704
1438.0290508270264
1438.8160705566406
1438.75412940979
1441.1482095718384
1439.2419576644897
1440.1525974273682
1438.4899854660034
1440.4685258865356
1440.4302597045898
1440.1366710662842
1440.1805400848389
1441.4716482162476
1441.0331726074219
1442.4624919891357
1441.747784614563
1442.0891284942627
1442.5394535064697
1442.670750617981
1442.8358554840088
1442.8977012634277
1442.0453786849976
1443.3554649353027
1443.5195684432983
1442.890977859497
1443.5668468475342
1443.6397790908813
1443.2643175125122
1444.8190689086914
1445.0644731521606
1444.6762084960938
1445.5527305603027
1445.92444896698
1444.9143886566162
1445.452356338501
1445.9654808044434
1445.5387353897095
1446.4505910873413
1446.4626550674438
1446.6550588607788
1447.360920906067
1446.0539817810059
1445.818281173706
1445.9871530532837
1447.9957103729248
1447.5155591964722
1447.407603263855
1446.0995197296143
1448.2322216033936
1447.659158706665
1447.773289680481
1448.9012479782104
1448.3947277069092
1449.3261575698853
1449.4552850723267
1448.6560583114624
1449.3360996246338
1450.1072406768799
1450.8600234985352
1448.6741542816162
1450.040054321289
1450.5170345306396
1449.9117851257324
1451.4521598815918
1450.3100872039795
1451.227617263794
1451.9297122955322
1451.5219926834106
1451.9819498062134
1451.6711473464966
1452.1195650100708
1452.1224737167358
1452.439570426941
1451.8060684204102
1452.690839767456
1453.027606010437
1453.2762289047241
1453.5769939422607
1455.0201177597046
1453.841519355774
1453.7301540374756
1454.0663242340088
1454.3796300888062
1456.2721967697144
1455.3988933563232
1455.0481796264648
1455.0920724868774
1455.9659957885742
1456.3994407653809
1454.3651103973389
1455.9519052505493
1456.3323259353638
1456.625509262085
1457.2699069976807
1456.8220615386963
1457.0805311203003
1457.7237606048584
1457.1097135543823
1457.2211742401123
1457.2554349899292
1457.8693389892578
1457.902479171753
1458.7821960449219
1458.9916944503784
1459.0117454528809
1458.3078384399414
1458.6071729660034
1459.0997219085693
1459.9796295166016
1458.197832107544
1459.4574928283691
1460.8070611953735
1460.7162237167358
1458.7994813919067
1460.2540254592896
1460.6882095336914
1460.774564743042
1461.5665197372437
1461.0960721969604
1461.3352060317993
1461.71395778656
1461.8567943572998
1462.575626373291
1462.9000663757324
1462.0833158493042
1461.2020254135132
1463.4638786315918
1463.0214214324951
1462.3732089996338
1464.5239353179932
1463.8340950012207
1463.1141424179077
1463.496994972229
1464.4685506820679
1464.6790266036987
1464.4150018692017
1464.7729873657227
1465.1637554168701
1464.4186735153198
1464.1584396362305
1464.172339439392
1464.9835586547852
1465.541696548462
1465.2121782302856
1465.9256219863892
1465.7536506652832
1467.219614982605
1466.6218042373657
1466.5796041488647
1466.7316675186157
1467.4484491348267
1466.9714450836182
1468.0038452148438
1467.1077251434326
1468.6035871505737
1468.6434268951416
1467.841911315918
1468.2374238967896
1467.5681114196777
1468.6533212661743
1469.3400144577026
1468.6591148376465
1468.312168121338
1469.1600561141968
1469.435691833496
1469.9759244918823
1469.7654008865356
1469.8366165161133
1470.0560808181763
1471.2292909622192
1471.7914581298828
1469.9475765228271
1470.0265645980835
1471.1740970611572
1471.031665802002
1470.5882787704468
1471.1365461349487
1472.3326444625854
1471.471643447876
1471.8658685684204
1472.939682006836
1472.1471786499023
1472.5192546844482
1473.3439207077026
1472.7209568023682
1474.050784111023
1473.5169172286987
1473.4500408172607
1474.440360069275
1474.6010303497314
1474.2034196853638
1474.8829126358032
1474.4881868362427
1475.9905338287354
1475.9551048278809
1475.4787921905518
1475.959038734436
1475.4935026168823
1476.3002395629883
1476.1073112487793
1477.1121978759766
1476.3647556304932
1476.598572731018
1476.373314857483
1477.313470840454
1477.1208047866821
1477.5387525558472
1477.1394729614258
1477.6713132858276
1478.338599205017
1478.2901048660278
1478.4343242645264
1479.116439819336
1478.9045810699463
1478.7369012832642
1478.149437904358
1479.3998718261719
1479.2048931121826
1479.3525218963623
1479.1920185089111
1480.241847038269
1479.4686079025269
1480.2756071090698
1480.6657075881958
1480.5516719818115
1481.9207191467285
1481.4054489135742
1481.4857721328735
1481.4396858215332
1481.479787826538
1482.3768854141235
1483.6671829223633
1482.344102859497
1482.9967975616455
1483.245611190796
1482.5355291366577
1483.2582473754883
1482.736897468567
1483.5421800613403
1484.7511529922485
1483.921241760254
1483.5519552230835
1484.3131303787231
1485.924506187439
1484.6081495285034
1485.090947151184
1484.8307609558105
1485.591197013855
1485.507869720459
1485.3258848190308
1485.3003025054932
1486.1629486083984
1486.0790491104126
1485.3650331497192
1486.7894172668457
1486.7857933044434
1487.1931076049805
1487.0376586914062
1487.42253780365
1487.0842695236206
1487.4139070510864
1488.4143590927124
1488.2388591766357
1486.9458436965942
1487.9961729049683
1487.8755569458008
1488.7211561203003
1488.0767107009888
1489.6194219589233
1489.350962638855
1489.2026662826538
1490.1253700256348
1489.961576461792
1489.6694660186768
1490.0865077972412
1490.1426553726196
1490.1926755905151
1490.2639389038086
1491.1975622177124
1489.891529083252
1491.2250518798828
1491.1390542984009
1492.2975540161133
1490.8651113510132
1492.0937061309814
1492.6334381103516
1493.010401725769
1492.9165601730347
1493.2705879211426
1493.548083305359
1493.640160560608
1493.2958841323853
1494.2127466201782
1493.0367708206177
1494.0646886825562
1494.573736190796
1493.9037799835205
1494.266676902771
1495.3649997711182
1495.5850839614868
1494.9570894241333
1495.8061456680298
1495.0083494186401
1496.1589574813843
1495.224952697754
1495.6798791885376
1498.632550239563
1496.6967821121216
1496.6692447662354
1498.9829540252686
1496.7371463775635
1496.7801570892334
1497.3892450332642
1497.347378730774
1497.8855848312378
1497.6353645324707
1497.7735996246338
1499.9438524246216
1498.685383796692
1499.3172407150269
1498.4654903411865
1498.7927198410034
1498.755383491516
1498.6506462097168
1499.86732006073
1499.2851972579956
1502.522087097168
1501.2516260147095
1499.8898267745972
1499.7178554534912
1501.3983488082886
1501.6338348388672
1500.7746934890747
1501.2595891952515
1500.8723497390747
1501.6729831695557
1501.680612564087
1501.2507915496826
1501.9958019256592
1501.8612623214722
1502.5865316390991
1503.2484531402588
1502.6434183120728
1503.6985635757446
1502.553653717041
1502.9885053634644
1504.2238235473633
1503.6218643188477
1503.7734270095825
1504.2121171951294
1503.918719291687
1503.5289287567139
1505.2836418151855
1504.8442602157593
1504.8977613449097
1505.0545692443848
1505.326509475708
1504.766821861267
1506.019687652588
1505.4794311523438
1506.3467741012573
1506.6542148590088
1506.246018409729
1506.5627813339233
1506.8410396575928
1506.9870471954346
1507.1244716644287
1507.4734449386597
1507.2564125061035
1506.7450284957886
1508.2951545715332
1507.7859163284302
1508.023738861084
1508.0488920211792
1508.4071636199951
1508.7990283966064
1508.7979316711426
1509.5816612243652
1510.3916645050049
1510.4480743408203
1510.6777906417847
1509.6978187561035
1510.2996349334717
1509.5291137695312
1510.3662729263306
1510.553240776062
1511.4556550979614
1511.2622022628784
1510.9104871749878
1510.9031200408936
1511.920714378357
1511.0715866088867
1512.5741243362427
1511.9279384613037
1511.7645263671875
1512.331771850586
1511.9086265563965
1513.3464336395264
1513.4289741516113
1513.314938545227
1513.5637521743774
1513.831090927124
1513.3585214614868
1513.6061906814575
1513.832449913025
1514.2338275909424
1514.6230697631836
1514.3935203552246
1514.176344871521
1514.1320705413818
1515.9878253936768
1514.842939376831
1515.0767803192139
1515.2868032455444
1515.6111478805542
1515.652322769165
1515.8005952835083
1515.62819480896
1515.4581546783447
1515.8341884613037
1516.9597148895264
1516.3572549819946
1516.9246673583984
1517.2959089279175
1517.3846244812012
1517.3192262649536
1517.7258968353271
1517.9683685302734
1518.9381837844849
1518.1129455566406
1519.281506538391
1518.1968927383423
1518.6383485794067
1518.7947273254395
1519.7531938552856
1519.1081285476685
1519.966173171997
1519.6893215179443
1520.3200101852417
1520.1586246490479
1520.8407402038574
1520.9455251693726
1520.6221342086792
1520.9289073944092
1522.3291873931885
1521.4957475662231
1521.7823266983032
1521.618628501892
1521.8958377838135
1522.594976425171
1522.6587295532227
1522.8317975997925
1522.491955757141
1522.7126598358154
1523.6185789108276
1523.434066772461
1524.3306159973145
1523.652696609497
1524.1912841796875
1524.2363452911377
1523.968768119812
1524.3667602539062
1524.8111724853516
1524.7666358947754
1525.0070095062256
1524.6463537216187
1525.343132019043
1525.6360530853271
1525.211763381958
1526.0316133499146
1525.4323720932007
1525.8733987808228
1526.8756866455078
1526.6105651855469
1526.8773078918457
1527.1389961242676
1527.4073362350464
1526.80983543396
1527.7249574661255
1527.5930881500244
1528.3276081085205
1528.6081075668335
1529.2232513427734
1528.8270235061646
1529.311203956604
1528.5814046859741
1529.3928384780884
1529.2733192443848
1529.3951034545898
1530.495548248291
1529.8293352127075
1530.27024269104
1530.6764602661133
1530.971908569336
1531.3737154006958
1531.8426370620728
1531.5162181854248
1530.775547027588
1531.619644165039
1531.9857835769653
1532.0726156234741
1532.227611541748
1532.4880838394165
1532.3670625686646
1532.7442646026611
1532.58535861969
1533.327579498291
1533.143138885498
1533.6496591567993
1532.9121112823486
1534.0480089187622
1534.3603134155273
1534.4336986541748
1534.6566438674927
1536.5763664245605
1534.409999847412
1534.8474264144897
1534.983229637146
1535.937261581421
1534.4910383224487
1535.5279684066772
1534.8525524139404
1535.6237411499023
1535.7791662216187
1536.560559272766
1536.1310482025146
1537.0347023010254
1536.8467569351196
1537.074589729309
1536.7056131362915
1538.5180711746216
1537.2772932052612
1537.7668619155884
1538.1931781768799
1538.4507417678833
1538.185739517212
1538.9225959777832
1539.0057802200317
1539.1023635864258
1539.189887046814
1539.245104789734
1538.7693643569946
1540.2341604232788
1539.7000312805176
1540.4875040054321
1541.086196899414
1540.143060684204
1540.9318447113037
1541.2145137786865
1540.3650760650635
1541.265630722046
1541.4790630340576
1541.915249824524
1541.9450759887695
1541.9586658477783
1542.377781867981
1542.648959159851
1542.3937320709229
1542.5623893737793
1543.0499792099
1542.9594039916992
1543.4332370758057
1543.637204170227
1544.0104007720947
1543.3015584945679
1544.3362712860107
1544.509243965149
1544.5385217666626
1544.973373413086
1544.403576850891
1545.2977180480957
1544.536018371582
1544.9691534042358
1545.2598810195923
1545.3869342803955
1545.7507848739624
1545.7380294799805
1546.1073160171509
1547.2221612930298
1547.2557306289673
1546.9465970993042
1547.2100496292114
1547.7200269699097
1547.966980934143
1547.754955291748
1547.6874113082886
1548.372745513916
1547.8071928024292
1548.5153198242188
1549.2629766464233
1549.5046854019165
1549.402403831482
1549.4057655334473
1549.3595600128174
1549.9208450317383
1548.868703842163
1550.0515699386597
1550.3016710281372
1550.8275508880615
1550.6629943847656
1550.9051084518433
1550.517988204956
1551.1546850204468
1550.8927583694458
1551.2861728668213
1550.942325592041
1551.55508518219
1552.133584022522
1552.0072937011719
1552.3653507232666
1552.9159784317017
1552.8815507888794
1553.1043767929077
1553.300952911377
1553.0762434005737
1553.3019065856934
1553.4850597381592
1553.9504289627075
1553.7898063659668
1554.3739080429077
1554.312252998352
1554.3084621429443
1554.745078086853
1554.9297332763672
1555.320692062378
1555.5360078811646
1555.3625345230103
1555.322766304016
1557.259464263916
1556.3912391662598
1556.4050912857056
1556.422233581543
1557.2129726409912
1557.053256034851
1557.4356317520142
1557.0390701293945
1557.534909248352
1557.386589050293
1557.822823524475
1558.422327041626
1558.6381435394287
1558.038568496704
1558.841848373413
1558.484673500061
1559.1700792312622
1559.5954418182373
1561.137580871582
1559.6229076385498
1559.4968795776367
1559.8093509674072
1559.990954399109
1559.9120616912842
1560.6285572052002
1560.8226299285889
1560.4828119277954
1560.5213165283203
1561.951732635498
1562.4645471572876
1561.527705192566
1561.419653892517
1561.976957321167
1562.2340679168701
1562.9766464233398
1562.7861738204956
1563.0859851837158
1562.8712892532349
1563.3100032806396
1563.0565643310547
1563.9885425567627
1564.5263195037842
1563.9244079589844
1564.0590906143188
1564.1285419464111
1563.8579368591309
1564.592432975769
1565.1310443878174
1565.5336380004883
1565.318751335144
1565.4156923294067
1566.1423921585083
1565.7371520996094
1565.8662796020508
1566.3483619689941
1566.3965702056885
1566.6298151016235
1566.7067050933838
1567.1401023864746
1567.1797513961792
1567.1387434005737
1567.4188375473022
1567.680811882019
1567.9197072982788
1568.7369585037231
1568.4619426727295
1568.4897184371948
1568.7854051589966
1569.341516494751
1569.0354585647583
1569.438099861145
1569.2880868911743
1570.5029010772705
1569.8584079742432
1569.8811292648315
1570.317029953003
1570.8240747451782
1570.5263137817383
1570.674967765808
1571.095323562622
1571.554684638977
1571.9811916351318
1572.0088720321655
1571.8021392822266
1572.2261190414429
1572.2319602966309
1572.3395109176636
1572.258734703064
1572.6474523544312
1572.4338293075562
1572.8683710098267
1573.2121229171753
1573.4976530075073