196.6574192047119
196.80898189544678
197.14007377624512
197.1203327178955
197.18637466430664
196.82438373565674
196.99785709381104
197.40667343139648
197.47977256774902
198.36163520812988
198.36790561676025
198.46084117889404
198.69451522827148
198.9044189453125
199.25236701965332
199.38921928405762
199.58763122558594
199.73294734954834
199.93269443511963
200.2303123474121
200.1638889312744
200.43842792510986
200.63564777374268
200.83060264587402
200.98185539245605
201.20105743408203
201.33991241455078
201.55184268951416
201.66497230529785
201.87597274780273
202.0601987838745
202.38659381866455
202.42693424224854
202.72753238677979
202.86166667938232
202.99980640411377
203.1977891921997
203.35314273834229
203.4759521484375
203.64205837249756
203.80146503448486
204.0318250656128
204.09605503082275
204.29205894470215
204.64258193969727
204.82177734375
205.0467014312744
205.06811141967773
205.34825325012207
205.4492950439453
205.67622184753418
205.7950258255005
206.03411197662354
206.15041255950928
206.34500980377197
206.46345615386963
206.67729377746582
206.87127113342285
207.04922676086426
207.18798637390137
207.37237930297852
207.61749744415283
207.7207088470459
207.91244506835938
208.0514430999756
208.21189880371094
208.51647853851318
208.64582061767578
208.74958038330078
209.0099811553955
209.16519165039062
209.33101177215576
209.46688652038574
209.59055423736572
209.8902940750122
210.01999378204346
210.19539833068848
210.4609489440918
210.72492599487305
210.7957124710083
210.8814001083374
211.08543872833252
211.24272346496582
211.578631401062
211.5830898284912
211.88225746154785
212.03081607818604
212.2450590133667
212.345290184021
212.48836517333984
212.68608570098877
212.89880275726318
213.09704780578613
213.21184635162354
213.36631774902344
213.53216171264648
213.779616355896
213.9037847518921
214.15612697601318
214.2369508743286
214.3477439880371
214.49048519134521
214.73851203918457
214.80534076690674
214.95249271392822
215.10844230651855
215.31100273132324
215.45169353485107
215.59624671936035
215.89674949645996
216.03431701660156
216.2006139755249
216.29040241241455
216.5041208267212
216.8243169784546
216.97211265563965
217.142653465271
217.3659086227417
217.49513149261475
217.88151264190674
217.74978637695312
218.045973777771
218.1208610534668
218.26021671295166
218.4577465057373
218.6265468597412
218.7762975692749
218.8990831375122