158.09273719787598
158.7005376815796
158.97812843322754
159.228777885437
159.57367420196533
156.4985990524292
156.66351318359375
157.07769393920898
157.35836029052734
160.9511137008667
161.21695041656494
161.48066520690918
161.68954372406006
162.0110034942627
162.2021198272705
162.4764919281006
162.80744075775146
163.67347240447998
165.67904949188232
166.61484241485596
166.15493297576904
166.02704524993896
165.96438884735107
166.05284214019775
166.42823219299316
166.38951301574707
166.75622463226318
167.2290563583374
167.43690967559814
167.54076480865479
167.77679920196533
168.0732250213623