395.5742120742798
394.3385601043701
393.9976453781128
394.14756298065186
394.498610496521
396.26879692077637
396.53544425964355
396.84503078460693
396.39549255371094
395.94058990478516
396.9675540924072
397.11451530456543
397.4263906478882
397.23918437957764
397.235107421875
397.5390911102295
397.6278305053711
398.21910858154297
397.8388786315918
398.01833629608154
398.04277420043945
398.5727787017822
398.7131595611572
398.8579988479614
398.6599922180176
399.0504741668701
399.49588775634766
399.4402885437012
399.36859607696533
400.0170946121216
399.98481273651123
399.38156604766846
400.17693042755127
400.1903295516968
400.83091259002686
400.32875537872314
400.6108045578003
400.2204656600952
400.91724395751953
400.88024139404297
400.8159637451172
400.8584499359131
401.55677795410156
401.58512592315674
401.2148857116699
401.8714189529419
401.74577236175537
401.9172430038452
401.5754699707031
402.26359367370605
402.7257204055786
402.9668092727661
402.95934677124023
402.8975248336792
403.1736135482788
403.31881046295166
403.23426723480225
403.4869194030762
403.5607099533081
403.4020185470581
403.1559705734253
403.5577058792114
404.343318939209
404.1520118713379
404.5098543167114
404.43100929260254
404.38385009765625
404.31673526763916
405.0542116165161
405.40857315063477
405.3917169570923
404.921817779541
405.15875816345215
405.3723096847534
405.73980808258057
405.1767110824585
405.04369735717773
405.4314374923706
405.60946464538574
405.4985761642456
406.1755180358887
406.20124340057373
406.72895908355713
406.46722316741943
406.8084716796875
406.6640853881836
406.864070892334
407.03229904174805
407.59572982788086
407.986855506897
407.8725814819336
407.79924392700195
408.18073749542236
408.5984468460083
408.01165103912354
408.0303192138672
408.55584144592285
407.93213844299316
408.19342136383057
408.17418098449707
408.6637496948242
409.226131439209
409.5813751220703
409.3069553375244
409.9570035934448
409.7649097442627
410.2470636367798
410.21037101745605
410.02888679504395
410.006308555603
410.6405019760132
410.71228981018066
410.4684591293335
411.13853454589844
410.62183380126953
411.0194683074951
411.269211769104
410.80758571624756
411.2342119216919
411.30003929138184
411.84942722320557
411.64262294769287
411.62445545196533
411.8049383163452
412.0370626449585
412.4628782272339
412.3309135437012
412.92078495025635
412.8326177597046
412.76843547821045
413.15009593963623
413.13791275024414
413.1633520126343
413.8012886047363
413.8862609863281
413.949179649353
413.81335258483887
413.9486074447632
414.670991897583
414.62724208831787
414.66267108917236
414.82903957366943
415.0091886520386
415.17584323883057
414.7869825363159
415.4696226119995
414.83795642852783
415.59622287750244
415.3388977050781
416.1339998245239
415.7722473144531
415.69035053253174
416.254186630249
416.629433631897
416.5679693222046
416.9103145599365
416.5814399719238
416.4902448654175
416.81461334228516
416.70916080474854
417.1009302139282
417.2813892364502
417.1755313873291
417.0021057128906
417.78225898742676
417.9128408432007
417.9001808166504
417.70431995391846
417.4060821533203
418.40598583221436
418.47002506256104
418.3398962020874
418.72472763061523
419.06044483184814
418.920373916626
418.9689874649048
419.41022872924805
419.0359354019165
419.5115327835083
419.28181648254395
419.51987743377686
419.72193717956543
420.0308084487915
419.5560693740845
420.2303171157837
420.2150821685791
419.88189220428467
420.5260992050171
420.92230319976807
420.7651376724243
421.2052345275879
420.43800354003906
421.4763402938843
421.9744682312012
421.31690979003906
421.70557975769043
421.6495752334595
421.790075302124
422.2965478897095
422.53479957580566
422.7503538131714
423.0339765548706
422.1958875656128
422.8437900543213
422.2944498062134
423.0964660644531
423.2126712799072
423.43151569366455
423.76976013183594
423.6994981765747
423.92494678497314
423.887300491333
423.89307022094727
424.0656852722168
424.4995355606079
424.4595766067505
424.80292320251465
425.04541873931885
425.1429319381714
424.91323947906494
424.71232414245605
424.67122077941895
424.7931480407715
425.24168491363525
425.44217109680176
425.26466846466064
425.5103826522827
425.9571075439453
425.71189403533936
426.25622749328613
426.5816926956177
426.77900791168213
426.80537700653076
426.6590356826782
426.5756130218506
426.84741020202637
426.8779754638672
427.05488204956055
427.1791696548462
427.45938301086426
427.27222442626953
427.2181034088135
427.6585578918457
428.15587520599365
428.3186912536621
428.1874895095825
428.2324552536011
428.37157249450684
428.960919380188
428.3662796020508
428.47206592559814
429.0424346923828
428.5360336303711
428.81383895874023
429.5971870422363
429.2890787124634
429.41620349884033
428.81433963775635
440.9352779388428
432.10108280181885
428.3807039260864
432.0493221282959
431.3227415084839
431.99143409729004
429.03764247894287
429.10735607147217
428.78575325012207
428.9642095565796
428.9106607437134
429.1877508163452
429.11107540130615
429.2731761932373
429.43034172058105
429.68175411224365
429.7508478164673
430.2802562713623
429.4248342514038
429.657506942749
429.57727909088135
429.9093723297119
429.9802780151367
430.0459623336792
430.09305000305176
430.64746856689453
430.6326389312744
430.5847644805908
430.8997869491577
431.1647415161133
431.0961961746216
431.1331033706665
431.24425411224365
431.77616596221924
431.5537691116333
431.84258937835693
433.74781608581543
432.1122169494629
432.10134506225586
432.08158016204834
432.14921951293945
432.15973377227783
432.499361038208
432.84265995025635
433.1432104110718
433.3393335342407
433.3483695983887
433.35938453674316
433.306360244751
433.16895961761475
433.22746753692627
433.46498012542725
433.9221477508545
433.7032079696655
433.88473987579346
434.01923179626465
434.30728912353516
434.1993808746338
434.06312465667725
434.47208404541016
434.5933198928833
435.20052433013916
435.21106243133545
435.3328466415405
435.53006649017334
435.81697940826416
435.6522798538208
436.5236759185791
436.08622550964355
436.09869480133057
436.2514019012451
436.437463760376
436.4068031311035
437.01257705688477
436.926531791687
437.5396966934204
437.52381801605225
437.55943775177
437.6018762588501
437.58580684661865
437.19537258148193
437.33394145965576
437.4401092529297
437.62481212615967
437.859582901001
438.2779121398926
438.0737543106079
438.14070224761963
438.17245960235596
438.24689388275146
438.30065727233887
438.6556148529053
438.87619972229004
439.09103870391846
439.18988704681396
439.34123516082764
439.2673969268799
439.3994331359863
439.93210792541504
439.67278003692627
439.8357391357422
440.57466983795166
440.86596965789795
440.46218395233154
440.4336929321289
440.6977653503418
440.7550573348999
441.0616636276245
441.0585403442383
441.10960960388184
441.2189245223999
441.6140556335449
441.6344165802002
441.6370391845703
441.9006109237671
441.77331924438477
442.40450859069824
442.6858425140381
442.25687980651855
442.2240972518921
442.5654172897339
442.8995132446289
442.97735691070557
443.1647300720215
442.9778575897217
443.23949813842773
443.2323932647705
443.63670349121094
443.7671661376953
444.3774223327637
443.76044273376465
444.49875354766846
444.3866968154907
444.4319248199463
444.6084976196289
444.6692705154419
445.1246976852417
444.9730634689331
444.9988842010498
445.3735113143921
445.90981006622314
445.59850692749023
446.1365222930908
446.06144428253174
445.7988739013672
445.9536552429199
446.2280035018921
445.7876443862915
445.9477186203003
446.1568593978882
446.6683864593506
447.18010425567627
447.29862213134766
447.3562240600586
446.94180488586426
447.2369194030762
447.3874092102051
447.72753715515137
447.52981662750244
447.6262092590332
448.36108684539795
448.3769655227661
448.3285665512085
448.1311082839966
448.5051393508911
448.4149217605591
448.44794273376465
449.0455389022827
448.6241579055786
449.4558334350586
448.7790822982788
448.79066944122314
449.15316104888916
449.49774742126465
449.7155427932739
449.90642070770264
449.9532699584961
450.0499486923218
449.85225200653076
449.7781038284302
449.9844789505005
450.31378269195557
450.9779930114746
450.84784030914307
451.2892961502075
451.187801361084
451.17595195770264
451.38099193573
451.5039920806885
451.53706073760986
452.560019493103
452.58822441101074
452.29334831237793
452.4282693862915
452.83517837524414
452.6343107223511
452.7330160140991
452.9198408126831
453.15001010894775
453.2566785812378
453.4044027328491
453.4799814224243
453.46786975860596
453.62632274627686
453.6867618560791
453.80403995513916
454.06601428985596
454.1184425354004
454.04393672943115
454.3173551559448
454.68764305114746
454.59842681884766
454.6972990036011
454.8548460006714
455.5988550186157
455.4784059524536
455.68385124206543
455.6459426879883
455.41205406188965
455.6177616119385
455.7133436203003
455.8218717575073
456.4793109893799
456.72922134399414
456.3687324523926
456.55250549316406
456.4326524734497
456.84354305267334
457.04054832458496
457.15086460113525
456.96234703063965
457.08470344543457
457.6869249343872
457.454514503479
457.417631149292
457.5904369354248
457.5247287750244
457.7073574066162
457.7653646469116
458.4871768951416
458.5103750228882
458.9167833328247
458.53426456451416
458.66572856903076
458.9414119720459
458.98566246032715
459.06734466552734
458.98845195770264
459.10027027130127
459.4225883483887
459.34464931488037
459.917950630188
459.5259428024292
460.06476879119873
459.95469093322754
460.66222190856934
460.64131259918213
460.98105907440186
461.11576557159424
461.17849349975586
460.76557636260986
461.12091541290283
461.26320362091064
461.30707263946533
461.31720542907715
461.4309787750244
461.52944564819336
461.95948123931885
462.04538345336914
462.14799880981445
462.36844062805176
462.38110065460205
462.32757568359375
462.5932216644287
462.866473197937
463.03889751434326
463.41707706451416
463.1906747817993
463.7880563735962
463.55085372924805
463.33367824554443
463.5817527770996
463.80391120910645
464.0479326248169
464.70162868499756
464.42408561706543
464.53609466552734
464.27130699157715
464.5653247833252
465.2478218078613
464.86992835998535
465.1655912399292
465.1191711425781
465.5634880065918
465.7434940338135
465.5099153518677
465.4494285583496
465.6397342681885
465.75918197631836
465.25399684906006
465.4405117034912
466.46647453308105
466.56551361083984
466.3353443145752
466.4127826690674
467.3931837081909
467.7405118942261
467.0870542526245
466.99535846710205
467.47872829437256
467.27540493011475
467.4633264541626
467.9354429244995
467.0328378677368
467.4398183822632
467.9195165634155
467.9811716079712
468.1407690048218
468.15099716186523
468.33903789520264
468.2607650756836
468.768572807312
469.4697141647339
469.02432441711426
469.18084621429443
469.574236869812
469.09871101379395
469.3338632583618
469.7465419769287
469.7077512741089
469.9056148529053
470.0005054473877
470.6594705581665
470.72510719299316
470.3646659851074
470.56429386138916
470.27409076690674
470.7200765609741
471.15936279296875
471.5193510055542
471.5840816497803
471.42066955566406
471.52531147003174
471.2752103805542
470.93915939331055
471.4404106140137
471.89459800720215
472.04225063323975
472.11127281188965
472.2776174545288
472.76055812835693
472.59747982025146
472.53477573394775
472.71554470062256
473.4778165817261
473.57704639434814
473.1646776199341
473.3769416809082
473.3938217163086
473.5992908477783
473.6578941345215
474.04959201812744
474.0962743759155
474.2012023925781
474.64263439178467
474.4077444076538
474.78036880493164
474.5291233062744
474.9526262283325
475.31821727752686
475.0927925109863
475.09398460388184
475.37667751312256
475.8512496948242
475.6643056869507
475.817608833313
476.51383876800537
475.8300542831421
476.0603904724121
476.37133598327637
476.3998508453369
476.3690710067749
476.7508029937744
476.63753032684326
476.3887882232666
477.203369140625
477.5686025619507
477.36451625823975
477.408242225647
477.7390956878662
477.7306079864502
477.82180309295654
477.8481721878052
478.113055229187
478.25210094451904
478.3507823944092
478.6238670349121
479.1468620300293
479.20687198638916
478.51502895355225
478.9875268936157
479.1876554489136
479.1121244430542
479.24957275390625
479.46996688842773
479.536771774292
479.56485748291016
479.8060178756714
479.9633741378784
480.48293590545654
480.817174911499
480.04984855651855
480.4534673690796
480.78012466430664
481.0462951660156
480.8952331542969
481.1061382293701
481.4370393753052
481.45360946655273
481.2145709991455
481.32309913635254
482.01210498809814
482.23204612731934
482.34100341796875
482.3575973510742
482.44264125823975
482.50038623809814
482.6605558395386
482.48767852783203
482.5416088104248
482.83939361572266
483.0695867538452
483.36260318756104
483.0334186553955
483.1861972808838
483.73730182647705
483.4824800491333
483.3099603652954
483.7500810623169
484.21432971954346
484.1386556625366
484.0886354446411
485.3278398513794
484.68096256256104
484.6705436706543
484.53142642974854
484.4675302505493
484.47744846343994
484.6572160720825
485.03432273864746
485.13638973236084
485.4954719543457
485.5708122253418
485.9621524810791
485.8014106750488
485.7024908065796
486.1321210861206
485.9898090362549
485.86299419403076
486.3283395767212
486.3606929779053
486.4593982696533
486.5093946456909
486.61768436431885
487.38245964050293
486.88294887542725
487.041974067688
487.15715408325195
486.9776487350464
487.13340759277344
487.9225254058838
487.47711181640625
487.30030059814453
488.08443546295166
488.2154703140259
488.21847438812256
488.4209632873535
488.5735511779785
488.99834156036377
488.9328956604004
490.6196117401123
489.31801319122314
489.1798257827759
489.7142171859741
489.34481143951416
489.4214391708374
489.551305770874
489.1242742538452
489.68005180358887
489.189076423645
489.94603157043457
490.13843536376953
490.3773307800293
490.58120250701904
490.1664972305298
490.1021480560303
490.3513431549072
491.2832975387573
491.4522409439087
491.34979248046875