75.8192841821341
74.8077392578125
74.9110460281372
75.94318389892578
76.51729583740234
76.24022960662842
76.26152038574219
76.41055583953857
76.39017105102539
77.7308702468872
78.35290431976318
78.40375900268555
78.40425968170166
78.57370376586914
79.10332679748535
79.07345294952393
79.17325496673584
79.22987937927246
79.31509017944336
79.39481735229492
79.36885356903076
79.40566539764404
79.41381931304932
79.44145202636719
79.49402332305908
79.54883575439453
79.56604957580566
79.68239784240723
79.71997261047363
79.6722412109375
79.59182262420654
79.61757183074951