416.7172908782959
417.0373201370239
417.4563407897949
417.7208423614502
418.1878089904785
419.75395679473877
421.54791355133057
422.5299596786499
422.22888469696045
422.1734285354614
421.7725992202759
421.9052314758301
421.5956926345825
422.30448722839355
422.3125219345093
422.7654695510864
422.8330135345459
423.13380241394043
423.5391139984131
424.4147539138794
424.6825933456421
425.26378631591797
425.62828063964844
426.29759311676025
426.52430534362793
426.66923999786377
427.4258613586426
427.7984619140625
428.2792568206787
428.61804962158203
428.7829399108887
429.5675992965698
429.8498868942261
430.129599571228
430.2222490310669
430.82432746887207
436.8777275085449
437.5377655029297
437.273645401001
436.74352169036865
436.65902614593506
436.6314888000488
436.80851459503174
436.6105079650879
437.16821670532227
437.2309684753418
437.5236511230469
437.8394842147827
438.5305166244507
439.0557289123535
439.40889835357666
440.027117729187
440.21708965301514
440.99669456481934
441.2896156311035
441.96436405181885
442.1470880508423
443.2548999786377
443.4608221054077
443.7192916870117
444.15745735168457
444.37780380249023
444.7011947631836
445.30229568481445
445.391583442688
447.02467918395996
448.1531620025635
449.14610385894775
448.88837337493896
448.3304977416992
448.35238456726074
448.3452081680298
447.8774070739746
448.02942276000977
448.22020530700684
448.2058048248291
448.4247922897339
449.0391254425049
449.17383193969727
450.06394386291504
450.654935836792
451.153039932251
451.5118360519409
451.9510746002197
452.49760150909424
452.49104499816895
453.10866832733154
453.4550189971924
453.82001399993896
454.2452573776245
454.4983386993408
454.9651622772217
455.38644790649414
452.4223804473877
448.7105131149292
454.11548614501953
451.64761543273926
452.5552988052368
452.01544761657715
451.54473781585693
451.444673538208
451.32555961608887
451.3249158859253
452.1756887435913
452.5830268859863
451.93166732788086
452.0190477371216
451.91874504089355
452.8170108795166
453.4877061843872
454.3497562408447
454.9569606781006
455.6372880935669
455.8175802230835
455.73716163635254
456.68301582336426
456.49585723876953
456.2833070755005
457.0154666900635
457.50248432159424
458.18469524383545
458.92460346221924
459.10630226135254
459.0346336364746
459.74621772766113
461.2954378128052
461.9134187698364
463.0220413208008
462.27266788482666
461.7699861526489
461.18266582489014
461.9856357574463
461.9248390197754
461.49275302886963
461.7893695831299
462.5152349472046
462.1481657028198