122.39305973052979
122.5775957107544
122.83964157104492
123.00424575805664
123.24404716491699
122.5623607635498
122.8752613067627
122.82369136810303
123.16019535064697
124.30195808410645
124.53978061676025
124.69382286071777
124.79360103607178
125.03557205200195
125.06933212280273
125.32014846801758
125.4995346069336
126.14145278930664
128.4367322921753
130.8180570602417
131.33113384246826
131.28278255462646
131.2469720840454
131.11896514892578
131.46767616271973
131.60254955291748
131.71029090881348
131.67405128479004
131.8279504776001
132.3139190673828
132.56053924560547
132.70370960235596