693.7201261520386
697.8832960128784
698.1263399124146
697.8164196014404
698.04527759552
694.3874597549438
695.0286626815796
694.5390462875366
695.3610181808472
695.7472085952759
695.7952260971069
695.6030130386353
696.2010622024536
696.4012145996094
696.6675758361816
696.8775033950806
697.1665382385254
698.0779647827148
698.0820178985596
698.1087684631348
698.2817888259888
698.5791683197021
699.0032434463501
699.1805076599121
699.2974042892456
699.641489982605
698.3985662460327
699.0107297897339
698.7317800521851
699.2346525192261
699.4039058685303
700.0143051147461
699.7503280639648
699.7624158859253
700.0003576278687
700.053334236145
700.4246473312378
700.7391929626465
700.4603624343872
700.9700775146484
701.4020681381226
701.227879524231
701.7679929733276
701.4487266540527
701.9755363464355
702.1706581115723
702.2262811660767
702.8987884521484
703.117036819458
703.3442974090576
703.4399032592773
703.7994861602783
704.1095018386841
703.8610696792603
704.303240776062
704.1799068450928
704.132604598999
704.646635055542
705.2452564239502
705.085039138794
705.5663585662842
705.4588556289673
705.6464910507202
705.7684183120728
706.0168981552124
706.3758134841919
706.3362836837769
706.4539909362793
706.5823793411255
706.7589998245239
707.1614742279053
707.0970058441162
707.3291063308716
707.8929424285889
707.7694177627563
708.5011005401611
708.100438117981
708.4414720535278
709.3438386917114
709.1510772705078
709.6212148666382
709.6446514129639
709.582781791687
709.4693660736084
710.4751348495483
710.058069229126
710.0823163986206
710.6261491775513
710.782790184021
711.2728595733643
711.1888885498047
711.5279674530029
711.7832660675049
712.3809814453125
712.072229385376
712.2917890548706
712.4496221542358
712.9586219787598
712.647533416748
713.158130645752
713.4714365005493
713.5715484619141
714.0172958374023
713.6951446533203
714.2155170440674
714.4456386566162
714.2686367034912
714.5847082138062
714.7904634475708
715.2172565460205
715.3404474258423
715.4798269271851
716.0628080368042
716.2984132766724
716.1774635314941
716.6867256164551
716.7887687683105
716.7510032653809
716.7649745941162
716.9676542282104
717.6191329956055
718.090033531189
717.921781539917
717.938756942749
718.4546232223511
718.8961267471313
718.7877416610718
719.1338062286377
719.3572998046875
719.3530321121216
719.5773363113403
719.4620847702026
719.7487831115723
720.9634780883789
720.3131914138794
721.2209224700928
720.7560539245605
721.194314956665
720.6827878952026
721.6262578964233
721.2817907333374
722.3507165908813
722.6498365402222
722.2996711730957
722.2996473312378
722.4735021591187
723.3807802200317
723.0891227722168
723.6218214035034
723.0962991714478
723.4552621841431
723.5724210739136
723.7300634384155
724.0180253982544
724.6481895446777
724.4991540908813
724.9090194702148
725.004768371582
725.3274440765381
725.3667116165161
725.6838083267212
726.0646820068359
725.8036136627197
726.3188123703003
726.1072397232056
727.0262241363525
726.7283201217651
727.5978088378906
727.0174980163574
727.0486354827881
727.672290802002
727.9045820236206
727.6983022689819
728.0630826950073
728.305459022522
728.3170223236084
729.0109395980835
729.0712833404541
729.3726921081543
729.4118404388428
729.9448728561401
729.7219753265381
729.9392461776733
729.7319412231445
730.3527593612671
730.4569959640503
730.6417942047119
730.5651664733887
731.0508012771606
731.2788963317871
731.2209844589233
732.3333263397217
731.998610496521
731.8989276885986
731.4635276794434
732.3626279830933
732.7857494354248
732.631516456604
733.4295511245728
734.1984033584595
734.4919681549072
734.4772100448608
734.4793319702148
734.6143484115601
734.846830368042
734.6519947052002
735.0425004959106
735.5169534683228
735.9149932861328
735.7536315917969
736.60569190979
736.5219831466675
736.677622795105
736.624813079834
736.7428541183472
736.7059469223022
736.8751049041748
737.3608112335205
738.2969856262207
737.6422643661499
737.8597736358643
737.8665208816528
737.9799842834473
738.2060289382935
738.7221336364746
738.4928703308105
738.3937835693359
738.8726472854614
739.3460750579834
739.5143747329712
740.2535915374756
740.2235746383667
740.2327299118042
740.5817031860352
740.664553642273
740.9779071807861
741.4242506027222
740.9896850585938
741.7352914810181
741.5600061416626
741.452169418335
742.2070264816284
742.5320386886597
742.549991607666
742.678713798523
743.3712244033813
743.3243036270142
743.3914422988892
743.7708854675293
743.5731649398804
744.6162223815918
744.6949243545532
744.2744016647339
745.0968503952026
745.4532623291016
745.0612783432007
745.2541828155518
751.269793510437
751.921558380127
751.0962724685669
752.4926900863647
752.3134708404541
752.3743391036987
752.0571708679199
753.144907951355
753.0203104019165
753.1108379364014
753.2018184661865
753.5733938217163
754.1083335876465
753.2907009124756
753.8166284561157
754.285478591919
753.6171197891235
755.241322517395
754.5880079269409
754.4234752655029
755.028486251831
755.3243637084961
755.0466537475586
755.7932138442993
755.6965351104736
755.7331323623657
756.4141750335693
756.8696022033691
756.8244934082031
756.9724082946777
756.5098285675049
756.470775604248
757.1531057357788
756.9720983505249
757.8793287277222
758.5802555084229
757.6665163040161
759.2532873153687
759.9067211151123
758.7318181991577
759.9626779556274
759.3203783035278
759.2249631881714
759.1851949691772
760.4970216751099
760.321044921875
761.164116859436
761.4538908004761
761.2382650375366
761.1605167388916
762.3986721038818
761.5344524383545
761.4389657974243
761.1795902252197
761.9456052780151
761.2850189208984
762.9492521286011
762.6908302307129
763.8034105300903
763.0174160003662
763.475513458252
764.2963886260986
763.770604133606
764.3589973449707
764.1437530517578
765.385627746582
765.0655269622803
764.6055698394775
765.2422904968262
765.3603553771973
765.8088684082031
765.6781196594238
766.4839506149292
766.6604280471802
766.5812969207764
767.0807838439941
767.3750400543213
766.7253971099854
767.701530456543
767.3861980438232
768.7193393707275
768.2013511657715
768.6217784881592
769.9362516403198
768.037748336792
767.9838180541992
768.8926219940186
769.2044019699097
769.3369626998901
769.0014600753784
769.9954271316528
770.2033281326294
770.3104257583618
770.464038848877
769.4980144500732
770.7083463668823
771.8221426010132
770.0481414794922
770.0830698013306
770.5954790115356
771.361255645752
771.5946197509766
772.0195531845093
772.8872299194336
772.4791049957275
773.4973907470703
772.6589202880859
774.1341590881348
772.383713722229
773.4431505203247
774.4269132614136
774.3401527404785
774.9192476272583
774.5918035507202
775.6488084793091
774.9814510345459
774.3536710739136
774.393367767334
775.558876991272
775.1056909561157
775.4458665847778
776.0575771331787
776.594877243042
776.2735605239868
776.7526626586914
776.5453815460205
776.8123865127563
777.7722597122192
777.0752668380737
777.2193193435669
778.5795450210571
778.4369945526123
778.3744096755981
778.9060831069946
780.0806045532227
779.4320583343506
778.6543130874634
780.6809425354004
780.6472063064575
780.6133031845093
780.4116725921631
779.8858880996704
781.4730882644653
781.1482667922974
781.21337890625
779.826545715332
781.6586256027222
781.8408250808716
782.355809211731
784.6237897872925
782.8678846359253
781.9526433944702
782.4423789978027
782.6721906661987
783.9766979217529
784.9928617477417
783.060359954834
783.2023620605469
784.5067262649536
785.1011276245117
784.3708753585815
784.0489149093628
784.5031023025513
785.370922088623
785.2747917175293
784.7191572189331
785.4422330856323
786.2062692642212
786.1368656158447
786.5112543106079
787.0217561721802
787.7383947372437
786.5212917327881
788.3831977844238
786.6260051727295
787.5848531723022
787.4951839447021
788.2477760314941
788.547420501709
788.9450073242188
788.2910013198853
787.371039390564
789.591908454895
789.3871784210205
789.4356966018677
790.1374816894531
789.4562721252441
789.4685983657837
790.3241634368896
790.1278257369995
791.0269975662231
791.0809755325317
791.5661096572876
791.6024446487427
790.3214454650879
791.6205167770386
791.5943384170532
792.4279928207397
792.6047801971436
791.8411731719971
792.810320854187
792.6040172576904
794.186282157898
793.9505338668823
794.2237615585327
792.9954528808594
793.8076972961426
794.1575765609741
794.0284252166748
794.7737216949463
794.2434787750244
794.131588935852
794.7297096252441
794.5905685424805
795.9385395050049
796.4913129806519
796.5365648269653
795.8980083465576
797.62864112854
796.9767808914185
797.1067667007446
797.7421760559082
798.1555700302124
798.2968330383301
798.6422777175903
797.8471994400024
798.7617015838623
798.7035274505615
798.4988212585449
799.824070930481
800.0466585159302
800.2482414245605
799.259614944458
800.2273559570312
801.7028093338013
800.6060600280762
801.4251947402954
801.031756401062
801.8071174621582
801.4043092727661
800.5141258239746
801.7114877700806
802.1278858184814
802.8525352478027
802.1231412887573
803.030514717102
802.0938634872437
803.8175344467163
802.8367042541504
801.1794090270996
802.4924993515015
803.4256458282471
804.1350364685059
804.0836334228516
803.917646408081
804.2018413543701
805.5989742279053
804.4889688491821
805.8659315109253
806.5109729766846
804.8913717269897
805.4128646850586
807.2407245635986
806.6379547119141
805.9919357299805
806.2110900878906
806.6480398178101
806.2606334686279
806.0176134109497
806.4029932022095
807.5583219528198
807.0548295974731
806.7278623580933
807.280158996582
807.886815071106
808.0429792404175
808.2196712493896
806.7872285842896
806.5977334976196
808.3669900894165
809.5149755477905
809.4684839248657
808.72962474823
809.4817161560059
811.2569808959961
810.5417490005493
810.0644826889038
811.3831043243408
810.4804754257202
810.4557275772095
812.1525526046753
811.4767789840698
811.3450527191162
812.4895572662354
812.32590675354
812.3087644577026
813.4259462356567
813.5089159011841
813.582444190979
813.361668586731
813.5765075683594
812.9809856414795
814.4284725189209
814.201545715332
812.3800754547119
813.0644798278809
814.4574880599976
814.5317316055298
815.8980369567871
814.6088361740112
816.0136938095093
815.3296709060669
815.050745010376
815.3892278671265
815.3184652328491
817.4368619918823
817.2679901123047
816.7245864868164
817.2438383102417
817.5912857055664
818.278980255127
818.103814125061
818.4780597686768
817.0199632644653
818.2480573654175
819.085431098938
818.9886093139648
818.289852142334
818.7928438186646
819.0530300140381
819.8880672454834
819.5034980773926
820.0071811676025
820.6697463989258
820.1167345046997
821.1977958679199
820.2016115188599
820.9944486618042
821.2990760803223
822.0543384552002
821.6278076171875
821.3496446609497
821.6390371322632
822.9941129684448
823.7681865692139
822.4654674530029
822.4801540374756
822.093677520752
822.5515127182007
823.2002019882202
823.2738971710205
825.0368356704712
824.6870994567871
825.1709222793579
824.6664524078369
824.9317407608032
824.9166250228882
824.9276161193848
826.4425754547119
824.3197679519653
826.2632369995117
825.8968591690063
826.1721849441528
825.788950920105
826.5921831130981
826.0270357131958
827.0081758499146
825.9906530380249
826.6170024871826
826.8352270126343
828.1461477279663
828.5435438156128
828.5239934921265
829.0938138961792
828.371262550354
828.5114288330078
828.0084371566772
828.6050081253052
830.2438020706177
829.5908689498901
830.0791263580322
830.0506114959717
829.7145128250122
830.7934761047363
831.4638137817383
831.5968990325928
831.3323259353638
831.9926261901855
830.8611154556274
831.4563274383545
830.0915718078613
831.9545030593872
832.5171232223511
831.4659595489502
833.0264568328857
833.3951950073242
833.2895278930664
833.9666604995728
833.9444875717163
833.2436561584473
834.1042995452881
834.3103170394897
835.8790636062622
832.0952653884888
835.0019931793213
835.133695602417
834.4263792037964
835.0903511047363
835.7305526733398
836.3622426986694
836.5080118179321
837.2564554214478
835.6203079223633
835.5503797531128
835.2914333343506
837.0643138885498
837.0056629180908
838.532304763794
837.5495910644531
837.9148006439209
838.2646799087524
837.296724319458
837.7631664276123
838.9053344726562
838.6841297149658
838.1937503814697
839.1624450683594
839.4160509109497
840.0494813919067
839.81614112854
841.4071559906006
840.2160406112671
841.4433002471924
839.6417140960693
841.1988019943237
841.0763263702393
840.9022092819214
840.6486749649048
842.363166809082
841.2251472473145
841.9635772705078
842.322587966919
842.4975395202637
843.2560682296753
842.7624702453613
843.8707113265991
843.0207967758179
843.3985471725464
844.0891027450562
843.4341192245483
843.3839082717896
843.8171863555908
843.696665763855
844.859504699707
845.1257228851318
843.8698768615723
844.6680784225464
844.9842929840088
844.7873115539551
845.775294303894
845.8545923233032
845.0990915298462
845.079755783081
847.561764717102
847.1322298049927
847.8859186172485
847.0256328582764
847.880482673645
847.9609727859497
847.7796316146851
849.3007898330688
847.7930068969727
848.9414691925049
849.2669343948364
849.6753454208374
849.9611377716064
851.2250423431396
850.7226943969727
850.3382444381714
850.5522966384888
849.5889663696289
851.0510206222534
851.5737056732178
849.8075485229492
850.5932569503784
852.6462554931641
852.0602464675903
851.9427299499512
852.3268222808838
853.5748720169067
852.6368379592896
852.4081468582153
852.4834156036377
853.373384475708
853.3053636550903
851.279354095459
852.9299736022949
853.1517744064331
854.7234058380127
854.3004035949707
854.8802852630615