152.37770080566406
152.57666110992432
152.8092384338379
153.0273199081421
153.21333408355713
153.26240062713623
153.38733196258545
153.6043643951416
153.6642074584961
154.0013074874878
154.41327095031738
154.42125797271729
154.68707084655762
154.81672286987305
154.9438714981079
155.5605411529541
158.46076011657715
160.2402925491333
160.07819175720215
159.4961404800415
159.43143367767334
159.44204330444336
159.56363677978516
159.7175121307373
159.94982719421387
160.04374027252197
160.25702953338623
160.55126190185547
160.7567310333252
160.81130504608154
161.1314296722412
161.3548994064331