104.33878898620605
104.4651746749878
104.39138412475586
104.50117588043213
104.59811687469482
103.4844160079956
103.61764430999756
103.72402667999268
103.75659465789795
105.09920120239258
105.16839027404785
105.2408218383789
105.33876419067383
105.511474609375
105.73735237121582
105.73501586914062
105.83639144897461
105.91609477996826
106.13322257995605
106.19335174560547
106.31849765777588
106.45122528076172
106.48787021636963
106.54547214508057
106.81414604187012
106.91728591918945
107.06219673156738
107.03339576721191
107.10220336914062
107.2023868560791
107.3073148727417
107.47787952423096
107.60152339935303
107.70721435546875
107.83004760742188
107.96408653259277
108.083176612854
108.15069675445557
108.28182697296143
108.3655834197998
108.38384628295898
108.5073471069336
108.59594345092773
108.78040790557861
109.13314819335938
109.21547412872314
109.27622318267822
109.37442779541016
109.50322151184082
109.55729484558105
109.7132682800293
109.84649658203125
109.99400615692139
110.05804538726807
110.10770797729492
110.21339893341064
110.27512550354004
110.32311916351318
110.44368743896484
110.50820350646973
110.61880588531494
110.73324680328369
110.79568862915039
110.9229326248169
111.0377550125122
111.19048595428467
111.35320663452148
111.40151023864746
111.55111789703369
111.66613101959229
111.75112724304199
111.8539571762085
111.89959049224854
111.96491718292236
112.13817596435547
112.29543685913086
112.38937377929688
112.47014999389648
112.69152164459229
112.7720832824707
112.93256282806396
112.9478931427002
112.98203468322754
113.02511692047119
113.05210590362549
113.1845474243164
113.28585147857666
113.39459419250488
113.55395317077637
113.58468532562256
113.72873783111572
113.79885673522949
113.91234397888184
113.96448612213135
114.0742540359497
114.21535015106201
114.27948474884033
114.38558101654053
114.54789638519287
114.54925537109375
114.63358402252197
114.73062038421631
114.8705005645752
114.90862369537354
115.14785289764404
115.2961254119873
115.43736457824707
115.51575660705566
115.61534404754639
115.76566696166992
115.80936908721924
115.99087715148926
116.08786582946777
116.192626953125
116.27840995788574
116.40121936798096
116.51928424835205
116.60058498382568
116.72112941741943
116.85187816619873
116.97778701782227
117.0809268951416
117.16189384460449
117.3250675201416
117.39518642425537
117.47286319732666
117.61891841888428
117.65894889831543