137.5978708267212
137.74354457855225
138.05654048919678
138.08386325836182
138.22534084320068
136.43510341644287
136.75520420074463
136.93718910217285
137.01171875
139.06242847442627
139.25912380218506
139.45846557617188
139.5604372024536
139.75327014923096
139.87324237823486
140.16971588134766
140.07458686828613
140.44020175933838
140.7606601715088
140.72928428649902
140.89021682739258
141.07675552368164
141.28024578094482
141.44165515899658
141.7492389678955
141.7165994644165
141.9973373413086
142.24038124084473
142.1225070953369
142.29366779327393
142.50991344451904
142.59347915649414