1920.999550819397
1942.6098585128784
1944.3286895751953
1944.4356679916382
1944.564127922058
1923.6354112625122
1923.0603456497192
1923.8020181655884
1923.9607572555542
1923.4671354293823
1928.263545036316
1941.669750213623
1944.59707736969
1944.3669319152832
1943.080735206604
1941.869592666626
1939.950156211853
1940.5560731887817
1940.3991222381592
1941.3949012756348
1940.7530069351196
1940.8191680908203
1940.9114360809326
1941.5153741836548
1942.1776294708252
1943.591594696045
1945.1552629470825
1944.834017753601
1944.8034286499023
1945.5005407333374
1945.4761505126953
1946.0870504379272
1947.3353624343872
1947.4748611450195
1947.6103782653809
1948.0640411376953
1946.988868713379
1946.9085931777954
1947.5277662277222
1947.920823097229
1953.933572769165
1959.008765220642
1960.756230354309
1959.607195854187
1957.1131467819214
1956.7572832107544
1955.4064273834229
1954.0629625320435
1955.5317640304565
1954.6322345733643
1955.4813146591187
1954.9533605575562
1955.1119327545166
1956.2978267669678
1956.124758720398
1956.8405389785767
1956.9540739059448
1957.7772378921509
1958.6022853851318
1958.2607984542847
1958.4023237228394
1958.8827848434448
1959.3209028244019
1959.7309112548828
1960.5376243591309
1959.9698305130005
1960.8387231826782
1961.8788480758667
1961.724328994751
1962.333106994629
1968.3761358261108
1973.6688613891602
1976.8978834152222
1974.9599695205688
1973.349380493164
1970.6795454025269
1969.0545320510864
1968.6402559280396
1968.7086582183838
1968.7121152877808
1968.7902688980103
1969.2620038986206
1969.6001291275024
1970.75777053833
1970.5962181091309
1971.035623550415
1971.8549966812134
1972.0463752746582
1972.3647832870483
1972.9604482650757
1972.99964427948
1974.3905782699585
1973.9899396896362
1974.148941040039
1974.067497253418
1975.5284547805786
1974.7255563735962
1974.6678113937378
1974.8871564865112
1975.6073236465454
1975.1583814620972
1985.2368354797363
1988.2152318954468
1986.0765933990479
1983.134365081787
1979.992938041687
1979.0073871612549
1977.9011726379395
1977.4529218673706
1977.451252937317
1977.6875734329224
1977.9476881027222
1978.0168294906616
1978.3334732055664
1979.4016599655151
1979.7095775604248
1980.4553747177124
1979.8698663711548
1980.6373834609985
1981.577181816101
1981.5520286560059
1982.4049234390259
1982.8058242797852
1983.604073524475
1983.422589302063
1984.184193611145
1984.4537734985352
1984.406065940857
1985.9312534332275
1985.069227218628
1990.3566598892212
2009.8472833633423
2012.846827507019
2013.187313079834
2010.891318321228
2008.9956045150757
2007.2936058044434
2006.5138101577759
2006.384563446045
2007.0229053497314
2006.903314590454
2008.2760095596313
2007.8274965286255
2007.985520362854
2008.6419105529785
2008.621096611023
2009.2487573623657
2010.8010053634644
2010.292673110962
2012.4104738235474
2011.301565170288
2011.2625122070312
2012.1363401412964
2012.1737957000732
2012.6770973205566
2013.306450843811
2012.7871990203857
2013.8053894042969
2015.2132987976074
2014.6231889724731
2019.0470695495605
2024.0880489349365
2026.6056776046753
2025.107717514038
2021.5606451034546
2019.416880607605
2018.586778640747
2017.8104162216187
2016.6347742080688
2017.456030845642
2018.0013179779053
2018.153691291809
2018.2687759399414
2018.3667421340942
2018.6105728149414
2018.8644647598267
2019.8434114456177
2020.715570449829
2021.5328931808472
2021.9509363174438
2022.6174116134644
2022.8021383285522
2024.2864608764648
2023.5140562057495
2024.7007131576538
2024.048924446106
2025.0728607177734
2024.9557733535767
2025.2683639526367
2025.0902652740479
2030.9481859207153
2043.6355352401733
2047.690200805664
2047.625708580017
2045.641565322876
2044.5993661880493
2042.9582357406616
2042.3680543899536
2042.9685354232788
2043.6482191085815
2044.4117069244385
2044.4854736328125
2044.4743156433105
2045.0447082519531
2045.8450317382812
2045.6612825393677
2047.3316192626953
2047.702169418335
2047.6110935211182
2047.8704452514648
2047.8676319122314
2048.6987113952637
2048.1398582458496
2049.2895126342773
2049.556088447571
2049.690628051758
2049.615716934204
2050.082588195801
2050.124740600586
2051.043224334717
2053.533124923706
2058.866000175476
2062.1827363967896
2060.8951330184937
2057.4195623397827
2055.1811933517456
2054.1194915771484
2052.9149055480957
2052.725887298584
2052.5872468948364
2053.1822681427
2053.3767700195312
2053.729271888733
2054.267907142639
2055.086040496826
2055.893921852112
2055.7424306869507
2056.2620878219604
2055.927538871765
2056.936192512512
2057.3511600494385
2057.814908027649
2058.211398124695
2059.112048149109
2059.3595027923584
2059.6667766571045
2060.3811502456665
2060.289764404297
2061.509132385254
2063.7744426727295
2065.656280517578
2078.89723777771
2082.93776512146
2081.942319869995
2080.479669570923
2079.289388656616
2078.233480453491
2107.8813552856445
2108.3144664764404
2108.236312866211
2110.0388526916504
2109.326171875
2110.631227493286
2109.2876195907593
2111.2913608551025
2110.1895570755005
2111.6358757019043
2110.812997817993
2112.602686882019
2112.115478515625
2113.197946548462
2112.3666524887085
2113.520908355713
2113.2641553878784
2114.621663093567
2113.860321044922
2115.609622001648
2115.247917175293
2116.33038520813
2116.1694049835205
2118.9757108688354
2121.536374092102
2125.2500534057617
2123.25599193573
2120.460295677185
2116.7972803115845
2115.959692001343
2113.79292011261
2115.0550603866577
2114.228868484497
2114.740014076233
2114.3320322036743
2115.326952934265
2115.123414993286
2116.2688493728638
2117.3707485198975
2116.877818107605
2116.8670177459717
2118.1530475616455
2117.535090446472
2118.9114809036255
2118.680739402771
2120.396661758423
2119.348454475403
2121.2514638900757
2120.676279067993
2121.796178817749
2121.5707063674927
2122.8505849838257
2122.1986293792725
2127.466297149658
2142.4404859542847
2147.6847887039185
2146.6781616210938
2147.094440460205
2144.8089361190796
2143.746852874756
2143.8636779785156
2144.094181060791
2143.4815406799316
2144.933819770813
2143.403196334839
2145.1088428497314
2144.647240638733
2145.176076889038
2144.768977165222
2146.363592147827
2145.865774154663
2147.3652362823486
2146.517515182495
2147.702193260193
2146.8939781188965
2148.3640909194946
2147.6473808288574
2149.9608516693115
2148.892879486084
2150.622248649597
2149.831748008728
2154.238796234131
2179.910969734192
2156.96918964386
2157.152485847473
2160.748839378357
2158.868169784546
2156.209969520569
2152.530813217163
2152.115821838379
2149.390649795532
2150.2190351486206
2149.1146326065063
2151.2126207351685
2150.9210348129272
2151.6841173171997
2151.0225772857666
2153.5619020462036
2152.6570796966553
2153.416585922241
2153.1951427459717
2154.1160106658936
2153.7330627441406
2154.803943634033
2155.9983015060425
2156.779956817627
2156.3798427581787
2157.5686931610107
2157.5624227523804
2158.3476066589355
2158.9770317077637
2158.9115142822266
2158.8072061538696
2165.3672456741333
2179.7126293182373
2184.5394611358643
2183.0037117004395
2182.780885696411
2180.0702571868896
2180.0001859664917
2179.969906806946
2180.538487434387
2180.0223112106323
2180.7174682617188
2180.4149866104126
2181.379270553589
2180.7612657546997
2182.523274421692
2182.3778867721558
2182.779598236084
2182.7428340911865
2184.373164176941
2183.249807357788
2184.9449157714844
2184.7524404525757
2185.965347290039
2185.4928016662598
2188.195824623108
2186.4089488983154
2187.3878479003906
2187.182641029358
2187.637948989868
2187.5800371170044
2190.60959815979
2193.143844604492
2196.9379663467407
2195.8665132522583
2192.387318611145
2190.1090145111084
2189.257550239563
2187.200927734375
2187.2074604034424
2187.387728691101
2187.9499197006226
2187.6471519470215
2188.4419202804565
2188.5353803634644
2189.9624824523926
2189.3715620040894
2190.750026702881
2190.560555458069
2191.3331270217896
2191.9865369796753
2193.1135416030884
2192.533826828003
2193.798518180847
2193.011474609375
2194.5265769958496
2194.604539871216
2195.964217185974
2194.893193244934
2195.900511741638
2196.1661338806152
2202.2188901901245
2217.7849292755127
2222.4928617477417
2221.1402654647827
2220.1958894729614
2216.729211807251
2217.3895835876465
2216.7099952697754
2217.481303215027
2217.2969102859497
2220.120334625244
2217.35520362854
2219.0107822418213
2218.471932411194
2191.5894508361816
2177.0328521728516
2180.033802986145
2176.355528831482
2178.4543991088867
2176.7640113830566
2178.8694381713867
2179.6900033950806
2180.3853511810303
2180.504298210144
2178.953695297241
2178.772711753845
2180.7090997695923
2180.457377433777
2179.4508934020996
2179.809284210205
2188.454294204712
2190.23597240448
2195.4068899154663
2193.2750940322876
2189.763021469116
2186.228370666504
2185.959815979004
2183.819341659546
2183.7063550949097
2183.045220375061
2184.590983390808
2185.799503326416
2186.952590942383
2186.7907285690308
2185.7403993606567
2185.257887840271
2187.0212078094482
2188.8710498809814
2188.651919364929
2187.8403186798096
2188.3060455322266
2191.628074645996
2192.9708003997803
2190.3406858444214
2190.945315361023
2190.036106109619
2192.1540021896362
2197.084665298462
2192.6733016967773
2191.488766670227
2196.151876449585
2209.938383102417
2214.884853363037
2212.465262413025
2211.094093322754
2208.2126140594482
2208.7616682052612
2206.5090894699097
2208.076572418213
2209.047794342041
2206.7786693573
2207.350254058838
2209.0341091156006
2207.0810079574585
2210.7778549194336
2208.6501598358154
2209.7180366516113
2210.045886039734
2211.023736000061
2210.363554954529
2215.36545753479
2210.9838008880615
2212.174963951111
2211.859083175659
2211.7950916290283
2211.7422580718994
2214.7936582565308
2214.882731437683
2215.3412103652954
2215.017509460449
2216.1063194274902
2225.8020401000977
2228.704857826233
2227.0037174224854
2223.735189437866
2220.2606439590454
2219.251799583435
2218.866777420044
2218.7207221984863
2218.3693408966064
2219.1195487976074
2221.1841344833374
2220.0714349746704
2224.0129470825195
2222.6133346557617
2221.1019039154053
2224.327039718628
2222.525978088379
2223.643445968628
2222.542190551758
2224.552536010742
2224.9326944351196
2225.013279914856
2225.528573989868
2226.0819911956787
2226.0929584503174
2226.769995689392
2227.605199813843
2228.2132148742676
2228.378987312317
2232.136869430542
2249.5235443115234
2251.248073577881
2249.2674112319946
2247.027325630188
2244.753575325012
2247.65305519104
2246.213436126709
2244.9899435043335
2243.283438682556
2244.9878692626953
2243.7015771865845
2245.9853887557983
2245.361804962158
2247.1546173095703
2245.28968334198
2246.632218360901
2247.064733505249
2250.9892225265503
2249.194860458374
2247.8981494903564
2249.4323015213013
2249.880075454712
2250.1235246658325
2251.536178588867
2249.8984336853027
2249.7875690460205
2251.1125564575195
2251.3808488845825
2251.444101333618
2253.5958528518677
2256.463122367859
2260.0805044174194
2260.2378129959106
2255.0286293029785
2253.616452217102
2252.098870277405
2254.4395446777344
2250.800371170044
2252.0790100097656
2249.8611450195312
2251.035213470459
2252.341318130493
2251.5405416488647
2255.0304651260376
2254.085063934326
2254.4187545776367
2253.541421890259
2255.245590209961
2255.7934522628784
2256.319570541382
2255.356979370117
2257.815456390381
2256.97124004364
2258.6013078689575
2256.935238838196
2258.4341764450073
2257.24937915802
2261.9364976882935
2260.4567289352417
2265.0370597839355
2284.97314453125
2284.062910079956
2281.5823554992676
2278.553628921509
2275.2312660217285
2275.2153158187866
2273.9750385284424
2275.1068592071533
2273.458218574524
2276.264762878418
2273.4740257263184
2274.9850034713745
2274.8096466064453
2280.239176750183
2280.693531036377
2279.144549369812
2276.9134521484375
2279.3713808059692
2276.5724658966064
2278.169059753418
2278.0909538269043
2280.818557739258
2278.5741090774536
2280.809235572815
2280.1580905914307
2284.054470062256
2281.6248893737793
2282.572293281555
2280.716609954834
2288.140296936035
2297.5303888320923
2306.3892364501953
2302.889823913574
2301.1010885238647
2295.9253787994385
2295.709490776062
2294.3089962005615
2295.9599018096924
2295.4164028167725
2299.325752258301
2294.7580099105835
2297.7996110916138
2296.7377424240112
2299.549412727356
2296.8425035476685
2298.637056350708
2299.760913848877
2299.973726272583
2298.2038021087646
2301.562523841858
2298.7002849578857
2300.816488265991
2299.373412132263
2301.60596370697
2300.4586458206177
2301.3949155807495
2304.0682315826416
2303.5892724990845
2305.087924003601
2311.3569736480713
2319.641900062561
2325.766396522522
2324.725604057312
2327.991843223572
2324.4187593460083
2321.9027996063232
2321.4929342269897
2322.017216682434
2319.9424505233765
2321.906280517578
2319.595193862915
2321.1153984069824
2320.9170818328857
2323.240828514099
2323.518395423889
2324.0349769592285
2322.8858709335327
2325.3085613250732
2323.2086420059204
2326.2610912323
2323.6130237579346
2329.168653488159
2326.0390281677246
2330.426287651062
2326.4901638031006
2327.194309234619
2327.608299255371
2331.411647796631
2330.122971534729
2327.2446155548096
2337.215280532837
2342.868733406067
2341.3155794143677
2339.072561264038
2339.3672943115234
2335.043478012085
2332.8992128372192
2336.7157459259033
2333.9438676834106
2334.709882736206
2333.5737466812134
2340.3374910354614
2337.271285057068
2339.271402359009
2335.5531692504883
2339.457631111145
2339.099431037903
2338.846731185913
2337.6784086227417
2340.4298305511475
2337.7739429473877
2339.695191383362
2341.0324335098267
2340.670967102051
2340.738868713379
2345.2829599380493
2341.571879386902
2342.9598093032837
2343.0020570755005
2346.172261238098
2361.4994764328003
2367.5781965255737
2365.165114402771
2364.889430999756
2359.75022315979
2361.8080377578735
2357.518243789673
2360.0317239761353
2358.3498001098633
2360.018491744995
2361.4174365997314
2362.5542163848877
2360.066819190979
2362.6376390457153
2361.1727476119995
2364.836025238037
2362.0669841766357
2364.855718612671
2366.2529468536377
2363.7561321258545
2364.2136096954346
2367.99898147583
2364.221239089966
2366.9467449188232
2364.319968223572
2366.8392181396484
2365.621256828308
2368.228316307068
2366.681408882141
2364.9226665496826
2375.4306316375732
2378.7623405456543
2374.9178409576416
2372.597050666809
2369.442319869995
2370.5057859420776
2368.1363105773926
2370.4473733901978
2369.995331764221
2373.886275291443
2369.780731201172
2372.8439331054688
2370.167660713196
2372.590112686157
2371.3614225387573
2371.704053878784
2372.249150276184
2374.470853805542
2372.619318962097
2376.891613006592
2374.5853424072266
2378.7649393081665
2374.6928453445435
2376.0751247406006
2377.53689289093
2380.1900148391724
2378.0185222625732
2381.1150789260864
2380.7803869247437
2384.586453437805
2401.9866228103638
2407.5036764144897
2405.622982978821
2404.092574119568
2402.011799812317
2403.545117378235
2400.6043672561646
2403.0364274978638
2403.5841703414917
2403.899884223938
2401.231050491333
2404.1653394699097
2401.721215248108
2404.0948152542114
2401.9495010375977
2404.8248529434204
2404.3643951416016
2405.738663673401
2404.966115951538
2407.436490058899
2402.980637550354
2407.137608528137
2407.7048540115356
2409.291648864746
2408.1936836242676
2409.281611442566
2407.4599981307983
2410.197901725769
2409.1776847839355
2409.648585319519
2414.9858951568604
2421.855330467224
2416.0714626312256
2418.5568809509277
2413.731527328491
2411.872410774231
2409.7842931747437
2410.8484268188477
2409.9928617477417
2414.215087890625
2412.4247550964355
2412.3955249786377
2414.596676826477
2414.745306968689
2413.170862197876
2416.782593727112
2413.3880853652954
2422.7566719055176
2416.125535964966
2415.7089233398438
2415.5298709869385
2418.2018756866455
2417.5986289978027
2417.8964614868164
2418.856620788574
2419.42355632782
2419.284749031067
2421.059489250183
2418.3510303497314
2418.6378717422485
2430.054831504822
2434.9581718444824
2433.954167366028
2437.0540380477905
2427.9741525650024
2426.9311666488647
2427.970314025879
2429.030752182007
2427.1223545074463
2428.731346130371
2428.3061504364014
2432.026767730713
2429.795455932617
2431.788420677185
2435.9702348709106
2430.7700157165527
2431.8211793899536
2432.9956769943237
2429.958438873291
2432.566785812378
2430.377769470215
2432.7436447143555
2433.5848569869995
2433.7862968444824
2438.5567903518677
2437.460494041443
2434.301710128784
2435.9108924865723
2436.366128921509
2434.272074699402
2440.9817218780518
2445.9640741348267
2443.268942832947
2443.150782585144
2437.433075904846
2435.876250267029
2438.0719900131226
2438.173198699951
2436.882996559143
2439.396071434021
2436.561632156372
2439.502477645874
2438.641142845154
2437.9436254501343
2438.056516647339
2443.186593055725
2439.3283128738403
2441.320562362671
2440.523052215576
2441.8391704559326
2443.5428857803345
2442.4241304397583
2443.0184841156006
2443.788456916809
2443.1277751922607
2443.496537208557
2443.3791399002075
2445.691967010498
2444.894814491272
2450.9937047958374
2467.19434261322
2473.664093017578
2466.8477058410645
2467.6275730133057
2464.417600631714
2464.9309873580933
2464.5803451538086
2467.9540872573853
2466.266703605652
2465.9205436706543
2468.781805038452
2471.2562084198
2471.02210521698
2472.128391265869
2468.201780319214
2470.3718423843384
2471.3213205337524
2488.6572122573853
2482.853627204895
2509.6006870269775
2492.600154876709
2491.14146232605
2489.0143632888794
2481.061601638794
2479.671287536621
2480.3930282592773
2479.608988761902
2483.6150646209717
2478.8135051727295
2480.703282356262
2489.0652894973755
2493.4826135635376
2490.5425786972046
2487.063956260681
2484.2894554138184
2485.1563692092896
2484.753680229187
2485.963487625122
2484.389305114746
2483.4503412246704
2482.7665090560913
2485.7009410858154
2487.404990196228
2487.956690788269
2490.1519298553467
2489.341902732849
2489.903998374939
2489.682149887085
2490.3770685195923
2491.3594245910645
2489.8730278015137
2493.5102939605713
2493.823456764221
2494.30251121521
2494.650173187256
2495.3372478485107
2501.643204689026
2494.4637775421143
2494.2490816116333
2501.2423515319824
2516.316556930542
2514.1119718551636
2514.6482706069946
2508.6997270584106
2505.740189552307
2504.8255443573
2501.9667625427246
2504.188871383667
2502.9146671295166
2503.8690090179443
2505.7055234909058
2503.4350872039795
2503.6579370498657
2506.7816972732544
2506.4242362976074
2508.0776929855347
2507.497549057007
2506.534743309021
2506.0271739959717
2508.7892293930054
2507.6750993728638
2507.2982788085938
2506.31422996521
2511.10417842865
2506.792449951172
2507.7845096588135
2508.4505319595337
2508.568859100342
2507.45313167572
2510.967493057251
2515.630793571472