1109.8011016845703
1119.3419933319092
1119.5966958999634
1119.6247816085815
1119.7059631347656
1110.020899772644
1110.108995437622
1110.032606124878
1110.1254224777222
1110.0415468215942
1110.0538492202759
1110.17005443573
1110.284662246704
1110.2888584136963
1110.3651285171509
1110.4131937026978
1110.4663610458374
1110.589861869812
1110.6836557388306
1094.5260524749756
1091.3747787475586
1091.4068937301636
1090.7622814178467
1090.484595298767
1090.8603191375732
1090.6005859375
1091.1807298660278
1091.8672800064087
1092.1513319015503
1091.544485092163
1091.427493095398
1093.277907371521
1092.0637130737305
1092.0279264450073
1091.4726495742798
1092.2562837600708
1091.1629676818848
1091.4255142211914
1092.2062158584595
1091.3505792617798
1091.2472009658813
1091.4082288742065
1091.4685487747192
1092.2729969024658
1092.5000190734863
1091.613483428955
1091.9391870498657
1091.6170597076416
1092.5720930099487
1092.6799058914185
1092.56112575531
1091.9291257858276
1092.3681497573853
1092.4502849578857
1092.4291133880615
1093.1477785110474
1092.4607038497925
1092.5454139709473
1092.440128326416
1092.4917459487915
1094.4284915924072
1092.5439357757568
1093.198013305664
1094.7102308273315
1093.3022260665894
1093.418264389038
1093.8382625579834
1093.6949253082275
1095.0305700302124
1094.445514678955
1094.2177295684814
1094.042682647705
1093.8616275787354
1093.972897529602
1094.211483001709
1093.7403678894043
1093.729043006897
1090.9969806671143
1090.7667398452759
1091.208839416504
1091.422462463379
1091.0098552703857
1091.1875247955322
1091.08247756958
1091.2848234176636
1091.3849353790283
1091.3546562194824
1091.6626453399658
1091.538166999817
1091.5074110031128
1091.556477546692
1092.3983335494995
1091.5037631988525
1091.703724861145
1091.5981769561768
1091.528868675232
1091.8292999267578
1091.632628440857
1092.285966873169
1093.1010961532593
1091.750955581665
1092.2655582427979
1092.3792123794556
1092.557716369629
1092.7355766296387
1092.6592826843262
1092.7167415618896
1092.819333076477
1092.9097175598145
1092.9246425628662
1092.9664134979248
1093.0782079696655
1092.9097652435303
1092.95494556427
1093.117332458496
1093.5194253921509
1093.196201324463
1093.151569366455
1093.210220336914
1093.2284593582153
1093.4597730636597
1093.2490587234497
1093.354892730713
1093.196177482605
1093.350338935852
1093.421745300293
1093.3578491210938
1093.2698965072632
1093.3115005493164
1093.36519241333
1076.257586479187
1074.8051166534424
1074.813175201416
1075.2806663513184
1077.2796630859375
1075.8162260055542
1075.654935836792
1077.4477243423462
1077.3041486740112
1076.8827199935913
1076.2535333633423
1077.159833908081
1077.336025238037
1078.0016660690308
1077.4288177490234
1076.0858535766602
1077.5100469589233
1077.5416851043701
1076.5902757644653
1076.5727758407593
1076.8189191818237
1076.4227628707886
1077.698540687561
1076.6077518463135
1077.4433851242065
1076.8196821212769
1076.862645149231
1077.2573471069336
1079.9851655960083
1076.678967475891
1076.282238960266
1078.7830114364624
1078.7155151367188
1076.6811847686768
1076.7131805419922
1077.3578882217407
1077.8268575668335
1078.236198425293
1078.2307624816895
1076.9063472747803
1079.3066024780273
1077.3518085479736
1076.936960220337
1076.2861251831055
1078.9000272750854
1077.6918649673462
1079.6043634414673
1077.2608518600464
1077.3598194122314
1078.2753944396973
1078.9228916168213
1079.3769359588623
1078.8642168045044
1078.0951738357544
1078.9722681045532
1077.2176027297974
1078.7311553955078
1077.5511026382446
1077.645492553711
1079.034161567688
1077.3048162460327
1079.1852712631226
1078.3559560775757
1079.7973155975342
1079.1626691818237
1078.1083822250366
1079.4488668441772
1080.4144144058228
1082.5130939483643
1079.7315120697021
1080.5970430374146
1079.513144493103
1080.4298400878906
1078.040075302124
1076.6318559646606
1076.5903234481812
1076.3166666030884
1076.5363931655884
1076.3102293014526
1076.438307762146
1075.9920120239258
1077.0014762878418
1076.8399477005005
1076.4967679977417
1076.6364336013794
1076.6618490219116
1076.3850927352905
1076.0716199874878
1076.6907453536987
1076.8479585647583
1076.9694328308105
1076.9482851028442
1077.2506952285767
1077.1013498306274
1077.223563194275
1077.1687030792236
1077.8975248336792
1077.6124954223633
1077.3744106292725
1077.612853050232
1077.4674654006958
1077.5356531143188
1077.4330854415894
1077.703833580017
1077.501368522644
1077.7426481246948
1078.1260251998901
1078.1196117401123
1078.0193328857422
1077.805519104004
1077.6036739349365
1077.7559280395508
1077.923583984375
1077.9221296310425
1077.8475999832153
1077.9966831207275
1078.7477016448975
1078.0359268188477
1078.099513053894
1078.1513690948486
1078.582239151001
1078.6969661712646
1078.102684020996
1078.1704187393188
1078.3109664916992
1078.2625198364258
1078.4225225448608
1087.591290473938
1086.6037845611572
1087.6862525939941
1087.1922969818115
1087.7448320388794
1087.0187520980835
1087.7089977264404
1087.073540687561
1087.7440929412842
1087.5927209854126
1089.7215604782104
1087.5032186508179
1088.3238315582275
1087.3743295669556
1088.3179664611816
1087.885308265686
1088.604497909546
1087.322735786438
1088.331127166748
1087.3181343078613
1088.397455215454
1087.8759384155273
1088.724660873413
1087.683916091919
1088.7242794036865
1087.810730934143
1088.7900114059448
1088.34969997406
1088.651704788208
1088.539743423462
1088.2441759109497
1088.18678855896
1088.37571144104
1088.4156942367554
1088.515543937683
1089.0539407730103
1090.06929397583
1088.0390644073486
1089.5710945129395
1089.2481088638306
1089.8573875427246
1090.293002128601
1089.6013975143433
1088.9808893203735
1089.5453929901123
1089.3481969833374
1089.7282123565674
1089.0357494354248
1090.2610540390015
1089.4816875457764
1089.7319078445435
1088.9734983444214
1089.935851097107
1089.3276929855347
1090.2009010314941
1089.9270057678223
1090.460753440857
1090.1221990585327
1090.6584024429321
1089.8070812225342
1090.7856941223145
1089.9914741516113
1090.5437469482422
1090.5211925506592
1090.1370286941528
1090.5019521713257
1090.9298658370972
1089.8247480392456
1090.6301498413086
1090.2490377426147
1090.3454542160034
1090.2238368988037
1091.1180019378662
1090.2696132659912
1092.14928150177
1090.8626079559326
1091.5095329284668
1090.9090280532837
1091.10689163208
1090.3847455978394
1091.299319267273
1090.5852556228638
1091.4903163909912
1090.7850742340088
1092.0109033584595
1091.077470779419
1092.293405532837
1091.6215658187866
1093.3377265930176
1091.9211149215698
1092.7569150924683
1091.6678428649902
1092.8142786026
1092.5053358078003
1092.8346395492554
1092.3580408096313
1093.4393882751465
1092.1698331832886
1092.596435546875
1092.0010328292847
1092.8003311157227
1092.669415473938
1093.0891275405884
1091.9026851654053
1092.813754081726
1092.6137924194336
1093.6336278915405
1092.515778541565
1093.3461666107178
1092.435598373413
1093.200397491455
1092.5467252731323
1093.235731124878
1092.834210395813
1093.5333251953125
1093.065357208252
1093.7061309814453
1093.1426286697388
1093.4099912643433
1093.4640884399414
1093.9888954162598
1093.722128868103
1094.2378520965576
1093.4457063674927
1094.4071531295776
1094.011926651001
1094.075107574463
1093.495488166809
1094.8749542236328
1093.157935142517
1096.8083381652832
1094.2397356033325
1094.3289041519165
1093.7684059143066
1095.2889919281006
1093.8726663589478
1095.1274156570435
1094.519281387329
1095.3476428985596
1094.387149810791
1095.3877449035645
1094.9512481689453
1095.7415342330933
1094.729471206665
1095.348882675171
1094.7343349456787
1095.8781957626343
1095.2380657196045
1096.2822437286377
1095.2894926071167
1095.676612854004
1095.9702014923096
1096.4712142944336
1095.7118272781372
1096.122646331787
1095.544695854187
1096.2686777114868
1096.140480041504
1096.618413925171
1095.9758043289185
1096.5768337249756
1095.4816102981567
1096.1839199066162
1095.6449747085571
1096.2260484695435
1096.4442253112793
1096.5931415557861
1095.6747770309448
1096.664810180664
1095.009446144104
1096.8520641326904
1096.303391456604
1096.6662406921387
1096.0137128829956
1097.1406936645508
1096.429967880249
1097.5167036056519
1097.2634553909302
1099.0857601165771
1097.4670886993408
1097.5497484207153
1096.8577861785889
1097.6152896881104
1096.5784549713135
1097.9829788208008
1097.1709251403809
1098.3599662780762
1097.982096672058
1097.1983909606934
1097.764778137207
1097.495436668396
1097.4853515625
1097.611665725708
1097.3580121994019
1098.22838306427
1097.3088026046753
1098.587441444397
1098.011302947998
1098.8978862762451
1098.0085134506226
1098.738694190979
1097.6194620132446
1098.5151529312134
1097.928547859192
1098.5325574874878
1098.1940507888794
1098.5508918762207
1098.1677770614624
1098.8802433013916
1098.2253313064575
1098.4183549880981
1098.6653804779053
1099.5691537857056
1098.5384702682495
1099.9897718429565
1098.9835977554321
1099.390172958374
1098.6467599868774
1099.779200553894
1099.1296529769897
1099.8358011245728
1099.1332292556763
1100.2147674560547
1099.4119882583618
1099.7611284255981
1099.5743036270142
1099.7361898422241
1099.3124723434448
1100.193691253662
1098.4309196472168
1099.7164487838745
1098.1722593307495
1099.921727180481
1099.047064781189
1099.4004964828491
1099.27659034729
1099.9822616577148
1099.4143962860107
1099.7949123382568
1099.2836236953735
1099.864149093628
1099.5883226394653
1100.3462076187134
1099.1580486297607
1100.1395463943481
1099.084997177124
1100.3763914108276
1099.9792098999023
1100.7696151733398
1099.9017715454102
1101.2224674224854
1100.3052711486816
1100.635051727295
1100.2030611038208
1100.647473335266
1100.0290155410767
1100.777006149292
1100.7899284362793
1101.542067527771
1100.5641460418701
1100.0035285949707
1100.3859996795654
1101.2286901474
1100.7356405258179
1101.7151832580566
1101.1925220489502
1101.091480255127
1100.4000663757324
1101.8362998962402
1101.6369819641113
1101.998496055603
1101.4809131622314
1101.8950939178467
1101.4001607894897
1102.169108390808
1101.0985374450684
1102.1912336349487
1101.635456085205
1102.3674726486206
1101.6895294189453
1102.3126125335693
1101.456642150879
1103.1585693359375
1102.1475553512573
1102.9539823532104
1102.1049737930298
1102.332592010498
1102.021336555481
1102.4019479751587
1101.8805742263794
1102.6816129684448
1102.1709203720093
1102.8532266616821
1102.4790525436401
1103.1792879104614
1102.848768234253
1103.3088684082031
1102.540135383606
1103.6089420318604
1102.8643369674683
1103.4764528274536
1103.1471490859985
1103.3031702041626
1103.1632661819458
1103.8296461105347
1103.03955078125
1103.170919418335
1102.6594161987305
1103.2716989517212
1103.0298948287964
1104.0736436843872
1103.1342267990112
1103.5927772521973
1102.6110649108887
1103.5540103912354
1103.3480167388916
1106.4165115356445
1103.3915519714355
1104.5162200927734
1103.169584274292
1104.5718669891357
1104.493236541748
1104.7110319137573
1103.7915468215942
1105.2772283554077
1104.4889688491821
1105.497670173645
1104.4961214065552
1104.972767829895
1104.2718172073364
1105.1474571228027
1104.721188545227
1105.766248703003
1104.9273252487183
1105.4528951644897
1104.5616149902344
1106.0138463974
1105.0535440444946
1105.58500289917
1104.9293041229248
1106.585693359375
1105.5079698562622
1105.8717966079712
1105.2144050598145
1106.1400175094604
1106.2457084655762
1107.395076751709
1105.014181137085
1105.792212486267
1105.406665802002
1105.8260202407837
1105.0678491592407
1106.1638593673706
1105.2166938781738
1106.0534000396729
1105.3128242492676
1105.983591079712
1105.5256605148315
1105.4401397705078
1105.4437637329102
1105.6591749191284
1105.5425882339478
1106.1349153518677
1105.9488773345947
1106.614375114441
1105.5978059768677
1106.6597700119019
1105.8462858200073
1106.5753698349
1106.5343856811523
1106.8833112716675
1105.9606790542603
1107.0662021636963
1106.2975406646729
1106.9374799728394
1106.3138723373413
1107.2711944580078
1106.5188646316528
1107.27698802948
1106.657886505127
1107.0649862289429
1106.3557624816895
1107.5243473052979
1107.205080986023
1107.866907119751
1107.4889183044434
1108.2523822784424
1107.5732707977295
1108.2921266555786
1107.7191352844238
1108.182454109192
1108.0468893051147
1108.6782932281494
1107.2686195373535
1108.3629369735718
1107.5028896331787
1108.8224411010742
1108.1061601638794
1108.105731010437
1108.4156036376953
1109.0177774429321
1108.6325883865356
1109.3242406845093
1108.739447593689
1109.555172920227
1108.7238788604736
1109.828495979309
1108.6713552474976
1109.3445777893066
1108.724021911621
1110.0765466690063
1108.9946508407593
1109.6468210220337
1108.9856624603271
1109.8392248153687
1109.1621398925781
1110.053825378418
1109.2983961105347
1110.123872756958
1109.6506118774414
1110.1063966751099
1109.7403287887573
1110.261607170105
1109.887981414795
1110.9342098236084
1109.7842693328857
1110.4626417160034
1109.6952199935913
1110.5509757995605
1109.784722328186
1110.641884803772
1110.2821111679077
1111.1026525497437
1110.4579210281372
1110.880947113037
1109.9156379699707
1110.5834007263184
1110.1666927337646
1110.8675479888916
1110.4202508926392
1110.7910871505737
1110.1758241653442
1111.003589630127
1109.6168041229248
1111.0628604888916
1110.495138168335
1111.85302734375
1111.1683130264282
1111.3361835479736
1111.0766410827637
1112.0205402374268
1111.3219261169434
1111.9996070861816
1111.2242937088013
1112.0152473449707
1111.8939638137817
1112.3695850372314
1111.8191719055176
1112.112283706665
1111.7606163024902
1112.5099658966064
1111.9419574737549
1113.0692958831787
1112.3089790344238
1113.0494832992554
1112.170648574829
1112.755274772644
1112.744379043579
1113.086175918579
1112.7733945846558
1113.2299661636353
1112.687063217163
1113.5159730911255
1112.705111503601
1113.4221076965332
1113.0116701126099
1113.5195016860962
1112.5990629196167
1113.5324716567993
1113.4399890899658
1113.917326927185
1113.0337715148926
1113.68727684021
1113.076639175415
1113.6745929718018
1113.2004499435425
1113.9544486999512
1113.1826877593994
1114.2882585525513
1113.151454925537
1113.930606842041
1113.3437633514404
1113.9075994491577
1113.434624671936
1113.9064311981201
1113.6615991592407
1114.4032001495361
1113.8365745544434
1114.41969871521
1113.5643482208252
1114.1273498535156
1114.2088651657104
1114.2502307891846
1113.3681535720825
1115.0686264038086
1114.2950057983398
1115.0732278823853
1114.3842220306396
1114.6053552627563
1114.6541833877563
1115.3584718704224
1114.2980337142944
1115.1817798614502
1115.2108669281006
1117.5681114196777
1114.8847818374634
1115.777325630188
1114.7324323654175
1115.6482934951782
1115.2749300003052
1115.8334493637085
1115.127444267273
1115.7838582992554
1115.2227401733398
1115.9083843231201
1115.2186632156372
1115.6671524047852
1115.1002883911133
1116.1294221878052
1114.6106958389282
1115.8376216888428
1115.3599262237549
1116.9655799865723
1115.3266429901123
1116.7597770690918
1115.749979019165
1116.793179512024
1116.1771297454834
1116.6266679763794
1115.8567905426025
1115.898871421814
1116.116714477539
1116.748833656311
1116.0558462142944
1116.914939880371
1116.4284467697144
1116.9442415237427
1116.6025638580322
1116.8506383895874
1116.28839969635
1116.9010400772095
1115.5753135681152
1116.7667150497437
1116.4421319961548
1116.8735027313232
1116.1867380142212
1117.165470123291
1116.7852401733398
1117.1298503875732
1116.8247699737549
1117.3865795135498
1117.1095848083496
1117.222809791565
1117.003321647644
1117.7175521850586
1117.4124717712402
1118.188738822937
1117.881464958191
1119.201421737671
1117.5908088684082
1118.4511184692383
1118.2703971862793
1118.7713146209717
1118.3878660202026
1118.887186050415
1118.485689163208
1118.8356399536133
1118.1120157241821
1118.806791305542
1118.5277938842773
1118.868327140808
1118.4635162353516
1118.9078569412231
1118.4771060943604
1119.1603183746338
1118.2163715362549
1118.0840015411377
1118.062710762024
1118.5086488723755
1118.7894582748413
1119.3210124969482
1118.3029413223267
1118.860936164856
1118.4192180633545
1119.6483612060547
1119.1351413726807
1119.6078777313232
1118.8730478286743
1119.8874473571777
1118.9900636672974
1119.8127746582031
1119.294023513794
1119.8698043823242
1119.1145181655884
1119.7323560714722
1121.6439485549927
1123.5547304153442
1120.6298351287842
1120.1170444488525
1119.4602966308594
1120.1496362686157
1119.357705116272
1120.3978061676025
1119.5842027664185
1120.4765558242798
1119.7500944137573
1120.624566078186
1120.0037717819214
1120.4373598098755
1119.997262954712
1120.2916622161865
1119.7378396987915
1121.2655782699585
1120.4904317855835
1120.716404914856
1120.0716733932495
1120.5840349197388
1120.1918363571167
1121.2323904037476
1120.4649686813354
1120.4400300979614
1120.1166152954102
1120.86021900177
1120.8109617233276
1121.259617805481
1120.4290390014648
1120.6155061721802
1120.0502395629883
1121.587085723877
1120.3420162200928
1121.2099313735962
1119.995641708374
1121.1625576019287
1120.8261251449585
1121.6323137283325
1121.1510181427002
1121.6699600219727
1120.8637952804565
1121.683406829834
1120.5048561096191
1121.1968660354614
1120.523452758789
1121.908712387085
1120.9804773330688
1121.81236743927
1120.645833015442
1122.1396684646606
1121.767234802246
1121.8432664871216
1121.4156866073608
1122.6409673690796
1121.2040424346924
1122.2199440002441
1122.0439910888672
1122.863745689392
1121.6253757476807
1122.6174116134644