70.32022476196289
76.50303840637207
66.84367656707764
67.52846240997314
66.54574871063232
66.68295860290527
66.47248268127441
67.23265647888184
68.25776100158691
69.20716762542725
69.65956687927246
69.81816291809082
69.9577808380127
70.05667686462402
70.21424770355225
70.39415836334229
70.62609195709229
70.71247100830078
70.90773582458496
71.12400531768799
71.25701904296875
71.42801284790039
71.8346357345581
71.92666530609131
72.12071418762207
72.31059074401855
72.59371280670166
72.69477844238281
73.02436828613281
73.81207942962646
75.83274841308594
77.3324728012085
77.59623527526855
77.48019695281982
77.37805843353271
77.37476825714111
77.54077911376953
77.56969928741455
77.95798778533936
77.93989181518555
78.14755439758301
78.35817337036133
78.17544937133789
77.69248485565186
77.76541709899902
78.06923389434814
78.2520055770874
78.16271781921387
78.44221591949463
78.73735427856445
79.09345626831055
78.98862361907959
79.16889190673828
79.78007793426514
80.0410270690918
79.79419231414795
80.11729717254639
80.17652034759521
80.36296367645264
81.01181983947754
82.44142532348633
83.2693338394165
83.0327033996582
82.79235363006592
82.72521495819092
82.60393142700195
82.608962059021
82.70068168640137
82.98392295837402
83.03885459899902
83.17365646362305
83.455491065979
83.64214897155762
83.72657299041748
83.91866683959961
84.24496650695801
84.56873893737793
84.60102081298828
84.8578691482544
84.85970497131348
84.93256568908691
85.15832424163818
85.27770042419434
85.57753562927246
85.82887649536133
85.93368530273438
86.03668212890625
86.43298149108887
86.53445243835449
86.99729442596436
89.23373222351074
90.9473180770874
90.79830646514893
90.53771495819092
90.29479026794434
90.27340412139893
90.3705358505249
90.44115543365479
90.53244590759277
90.68746566772461
90.87111949920654
91.03083610534668
91.23437404632568
91.4576530456543
91.66829586029053
91.95871353149414
92.08436012268066
92.39606857299805
92.54767894744873
92.64426231384277
92.82493591308594
93.07191371917725
93.19064617156982
93.46480369567871
93.68524551391602
94.00002956390381
94.02670860290527
94.1298246383667
94.34337615966797
95.00494003295898
96.71647548675537
97.82419204711914
97.38521575927734
96.99766635894775
96.64463996887207
96.60406112670898
96.69995307922363
96.85478210449219
96.98624610900879
97.22707271575928
97.33250141143799
97.52833843231201
97.69275188446045
97.98734188079834
98.1820821762085
98.31383228302002
98.65238666534424
98.88577461242676
99.01125431060791
99.28333759307861
99.79438781738281
99.78997707366943
99.79438781738281
100.09546279907227
100.32389163970947
100.37655830383301
100.60639381408691
100.8535623550415
101.06511116027832
101.67171955108643
103.86145114898682
105.2725076675415
104.99510765075684
104.50613498687744
104.36289310455322
104.40418720245361
104.64973449707031
104.82628345489502
104.6929121017456
104.95181083679199
104.94790077209473
105.09936809539795
105.63147068023682
105.71329593658447
105.84027767181396
106.044602394104
106.3321590423584
106.59301280975342
106.7310094833374
106.99098110198975
107.13539123535156
107.37152099609375
107.6408863067627
107.830810546875
108.11645984649658
108.3965539932251
108.48603248596191
108.78770351409912
109.11352634429932
109.4296932220459
110.7553243637085
111.89124584197998
111.73117160797119
111.23883724212646
110.96813678741455
111.07649803161621
110.93900203704834
110.98544597625732
111.24875545501709
111.62106990814209
111.7274284362793
111.78979873657227