109.75492000579834
109.8222017288208
109.95116233825684
110.21039485931396
110.24830341339111
109.57412719726562
109.73122119903564
109.83145236968994
109.91926193237305
110.79590320587158
111.0353946685791
111.03870868682861
111.2654447555542
111.29827499389648
111.3668441772461
111.48855686187744
111.702561378479
111.91983222961426
112.04078197479248
112.16187477111816
112.37127780914307
112.51451969146729
112.65251636505127
112.74406909942627
112.94820308685303
113.14082145690918
113.40441703796387
113.5216474533081
113.61124515533447
113.77246379852295
113.80586624145508
113.94720077514648