598.0867147445679
595.428466796875
595.6340789794922
595.7469701766968
595.6688642501831
598.5660076141357
597.8780031204224
599.2338418960571
597.9527473449707
598.0721473693848
599.3795394897461
598.8691806793213
597.7073669433594
598.3722686767578
599.1971492767334
599.8355388641357
599.1321325302124
596.3966608047485
596.9297409057617
597.2536325454712
598.0572462081909
597.4665403366089
598.0125904083252
597.7314710617065
597.8062868118286
597.1768140792847
601.9519805908203
601.1047840118408
601.9708156585693
601.0553359985352
604.1018009185791
601.6223430633545
602.45680809021
602.2634983062744
603.0259132385254
602.5460481643677
602.8715372085571
603.0939340591431
604.2570114135742
603.2151937484741
603.6343097686768
603.6472797393799
603.8116931915283
604.7530174255371
604.3477296829224
603.7765264511108
604.5946598052979
605.4797410964966
604.3463468551636
604.9227952957153
605.5275201797485
606.4965963363647
605.6158304214478
606.141209602356
605.7854413986206
606.1126470565796
606.8147897720337
606.6153526306152
606.8774938583374
607.2139978408813
607.161545753479
607.6411008834839
607.233476638794
607.7804088592529
607.6857089996338
607.5960636138916
607.8518390655518
608.1187725067139
608.7186813354492
609.2940092086792
608.0505609512329
609.3054533004761
609.0580224990845
608.9746713638306
609.260368347168
609.2415571212769
610.1749181747437
609.5057964324951
609.7366094589233
610.441517829895
610.572075843811
610.503363609314
610.745358467102
611.5930080413818
610.5191469192505
611.5858316421509
611.7725133895874
611.2409114837646
610.91148853302
611.7671966552734
612.0967388153076
610.9605312347412
611.5024566650391
611.6026878356934
612.7256393432617
612.3587369918823
612.7936124801636
612.1878385543823
612.6723289489746
613.0342483520508
613.5389566421509
613.461422920227
613.0792856216431
614.3249750137329
614.3200874328613
614.0036582946777
614.4036293029785
614.7844314575195
614.7771596908569
615.4554843902588
615.138053894043
615.5694007873535
615.6389951705933
615.5370712280273
616.1736965179443
615.8523559570312
616.3777589797974
617.0064449310303
617.1012878417969
617.4694776535034
616.5432691574097
616.1988496780396
617.0006275177002
617.5361633300781
618.4274911880493
616.9546365737915
617.3009395599365
618.2891368865967
617.670464515686
618.3107376098633
618.2243824005127
618.8562393188477
619.750452041626
619.2793130874634
619.0249443054199
618.1859016418457
619.6252346038818
619.2405462265015
619.6036100387573
618.3086395263672
620.516300201416
619.9589967727661
619.8688507080078
620.4192399978638
620.7456350326538
621.4036703109741
620.2863216400146
621.0495948791504
620.9344863891602
621.8056678771973
622.0957279205322
621.7554092407227
622.6197481155396
622.5303411483765
622.3188638687134
622.5688219070435
622.6223230361938
622.81494140625
622.6450204849243
623.1406927108765
622.9501962661743
623.9091157913208
622.9687690734863
623.8926410675049
624.4598865509033
623.675274848938
623.590350151062
623.8368272781372
624.5494604110718
625.2237319946289
624.8010396957397
624.945878982544
625.4375219345093
625.0523805618286
625.1961946487427
626.2001276016235
625.4777908325195
625.9004354476929
625.3858327865601
626.2264490127563
626.460862159729
626.9695997238159
627.1456480026245
627.2659063339233
626.9319772720337
627.0690441131592
627.5195360183716
627.3925065994263
627.9100656509399
628.0468225479126
628.1818151473999
627.1162748336792
627.7869939804077
628.8490533828735
629.4565916061401
629.0095567703247
628.5397291183472
629.4954061508179
628.9942026138306
629.0111780166626
628.9181470870972
629.752254486084
629.7135353088379
630.1431894302368
630.3086757659912
631.0888051986694
630.6586027145386
629.7744035720825
630.0833940505981
631.1933755874634
630.0627946853638
630.7803392410278
631.4810514450073
631.5557956695557
632.0137739181519
631.2790155410767
631.9345712661743
631.8512678146362
631.0354471206665
632.1874856948853
632.1376800537109
632.9607486724854
632.9887390136719
632.9879999160767
633.102822303772
633.3858728408813
634.0962171554565
633.7553977966309
633.655047416687
634.2693567276001
633.8284254074097
633.4246397018433
635.1405382156372
634.2772483825684
634.1348171234131
634.7750186920166
635.11803150177
635.3905200958252
635.1933717727661
635.9447479248047
636.1057281494141
635.7138872146606
635.5516672134399
636.3686323165894
636.3439083099365
636.416745185852
636.3382339477539
636.419153213501
636.6652250289917
637.3609304428101
636.6287469863892
637.2296571731567
637.5305414199829
636.9821786880493
637.0831727981567
638.1288766860962
638.3166790008545
639.2051219940186
639.1078233718872
639.2096281051636
639.0226364135742
639.4025564193726
639.8455381393433
640.3762578964233
640.1456832885742
640.5179023742676
640.7833099365234
641.4474010467529
640.9111738204956
640.8756732940674
640.5110120773315
641.1844491958618
641.1272287368774
640.9207820892334
641.4079904556274
642.8630828857422
642.8879499435425
642.4172639846802
642.3279523849487
643.4519290924072
643.0668354034424
643.120002746582
643.6066150665283
643.3125495910645
643.6748504638672
643.9351081848145
643.5454368591309
643.8496589660645
644.0710067749023
644.1640138626099
644.800853729248
644.6102857589722
644.6927547454834
645.3824996948242
645.098352432251
645.1677560806274
645.1197147369385
645.629620552063
645.9203958511353
646.2514638900757
646.3741779327393
646.4378356933594
646.9589471817017
646.5693950653076
646.8128204345703
646.9662666320801
646.9878196716309
647.0216274261475
647.2139358520508
647.3331451416016
647.7200746536255
647.5466966629028
648.2100009918213
647.8823900222778
648.1458425521851
647.7956771850586
648.776364326477
649.1363286972046
648.8397121429443
649.740481376648
649.7723340988159
650.1646757125854
649.6628999710083
649.76487159729
650.6983280181885
650.6360769271851
650.7631778717041
650.7565498352051
651.346230506897
650.6630420684814
650.7017850875854
651.6370058059692
650.7698774337769
651.3925313949585
651.737380027771
651.5858888626099
652.4433135986328
651.7198801040649
651.8168926239014
652.2905111312866
652.294659614563
652.5496244430542
652.3962736129761
652.6484489440918
653.1055450439453
653.7778377532959
654.094409942627
653.6941528320312
653.8418531417847
654.0714979171753
653.9897203445435
654.9277782440186
655.0507307052612
653.9787530899048
655.2462577819824
655.4650545120239
657.5917720794678
655.7828187942505
656.1049699783325
656.4405679702759
656.1280727386475
656.4239263534546
656.2410116195679
657.11510181427
656.812858581543
657.813024520874
657.5634479522705
657.3552370071411
657.6148986816406
657.9084634780884
658.3262920379639
657.881498336792
658.242392539978
659.0183258056641
658.7879657745361
658.8223218917847
658.5063457489014
659.1404914855957
658.9799880981445
659.3731880187988
659.8901271820068
659.8133087158203
660.6530666351318
660.8571529388428
660.2282762527466
660.5975151062012
661.176061630249
661.2226009368896
661.4232301712036
661.7576837539673
662.177586555481
661.4617109298706
661.7358446121216
662.175464630127
662.0036840438843
662.7503633499146
663.0879402160645
663.3036136627197
663.466477394104
662.9483222961426
663.0964040756226
663.1924390792847
664.0088558197021
663.7812614440918
663.6949062347412
663.903021812439
663.9295101165771
664.0131235122681
664.250898361206
664.710807800293
664.7901773452759
664.7825956344604
664.8006439208984
665.3615951538086
665.7373189926147
665.7571792602539
665.4016017913818
666.1400318145752
666.1458969116211
666.2389039993286
666.413140296936
666.2015199661255
666.6250467300415
666.8565034866333
666.8126106262207
667.0949697494507
667.145562171936
667.6059484481812
667.3883438110352
667.5942897796631
667.996072769165
668.0673837661743
668.0806875228882
668.5317277908325
668.6568975448608
668.6949729919434
668.4967994689941
668.482518196106
669.3008899688721
669.4024324417114
669.7897434234619
669.9774980545044
670.1415061950684
670.5826997756958
671.2587356567383
670.7553625106812
671.1153984069824
670.7473039627075
671.1254119873047
671.184515953064
671.1766242980957
671.6219425201416
672.0180034637451
672.268795967102
672.2113609313965
672.1718311309814
672.6522445678711
672.4035739898682
672.9073524475098
672.415280342102
673.1723546981812
673.2088327407837
673.4472751617432
673.7565279006958
673.8494873046875
674.0985870361328
674.265456199646
674.6759653091431
674.6476650238037
674.2830038070679
675.0659227371216
674.6721744537354
674.7959852218628
675.1727342605591
675.7421016693115
675.4896879196167
675.9939432144165
676.1120796203613
675.718879699707
676.4589071273804
676.4627695083618
676.5856266021729
676.575517654419
676.6082763671875
676.3411045074463
677.1454095840454
677.2520303726196
677.204155921936
677.5216341018677
677.7043581008911
677.8507709503174
677.6453018188477
678.2586097717285
678.304648399353
678.8963317871094
678.8800239562988
678.8855075836182
679.7165632247925
679.8420190811157
679.9008846282959
679.7322988510132
680.1553964614868
680.1712036132812
680.6986331939697
680.602216720581
680.7801246643066
680.9580564498901
680.7275295257568
680.9708118438721
681.3385725021362
681.3011169433594
681.6964387893677
682.3397159576416
681.7628145217896
682.5661420822144
682.261848449707
682.4314117431641
682.616138458252
682.9134225845337
682.4362277984619
683.3393335342407
683.3369255065918
683.185338973999
683.5947751998901
684.0554237365723
684.2614889144897
684.474778175354
684.090518951416
684.412693977356
685.1334810256958
684.7756624221802
685.1648569107056
685.3391170501709
685.4541063308716
685.9603881835938
685.9370231628418
685.8027458190918
685.4623079299927
685.6013536453247
686.3392114639282
686.6247177124023
686.1966371536255
686.8080377578735
687.1933937072754
687.0142221450806
687.7533435821533
687.7713203430176
687.879753112793
688.1624937057495
688.0501747131348
688.3920431137085
688.194727897644
688.1984949111938
688.2211923599243
688.7969970703125
688.824200630188
688.8723850250244
689.0072584152222
689.5238637924194
689.4860029220581
689.6171808242798
690.0216579437256
689.9430274963379
690.6140565872192
690.0244951248169
689.8753881454468
690.7645463943481
690.5782461166382
691.0470247268677
691.4741277694702
692.0830488204956
691.7101383209229
691.7356729507446
691.2795782089233
692.2311544418335
692.663049697876
692.7460193634033
692.6635980606079
693.009614944458
692.8623199462891
692.8384065628052
693.3112382888794
693.2083368301392
693.4119701385498
694.4107055664062
694.2347526550293
694.4309711456299
694.2750215530396
694.2840337753296
694.4876432418823
694.7429895401001
694.9634790420532
695.1099872589111
695.6745147705078
695.5098628997803
695.6503629684448
696.1029052734375
696.2000608444214
696.4967250823975
696.8801736831665
696.5304374694824
696.360969543457
697.1090316772461
697.581148147583
697.557520866394
697.3586320877075
697.9368448257446
697.8298187255859
697.809886932373
698.1445550918579
698.443078994751
698.7231492996216
698.8065004348755
698.7301111221313
698.6454963684082
699.108624458313
699.3556261062622
699.0787029266357
699.8486757278442
699.2790937423706
699.9343395233154
700.3617763519287
700.6144762039185
700.5096912384033
701.0770797729492
700.7984399795532
701.0550737380981
700.9111881256104
701.2449502944946
701.3508558273315
701.4968872070312
701.94091796875
702.1152257919312
702.4722337722778
702.4892091751099
702.3117780685425
702.6222467422485
703.0291318893433
702.6784420013428
703.0693054199219
703.1517505645752
703.4285068511963
703.461480140686
703.5694122314453
704.1488885879517
704.2985916137695
703.8710594177246
704.2165279388428
704.4728755950928
704.8159837722778
705.3248167037964
705.1662921905518
705.5978298187256
705.4319858551025
705.3575992584229
705.9623718261719
705.8382034301758
706.871771812439
706.0735702514648
706.4856052398682
706.7930936813354
706.8516254425049
707.1857452392578
707.2403430938721
707.4223518371582
707.5746059417725
708.2936763763428
706.9502830505371
707.488489151001
707.8519105911255
708.3547830581665
708.4168434143066
708.4047317504883
708.5840463638306
708.8454246520996
708.9572906494141
708.9810848236084
709.0092182159424
709.6547365188599
709.8024606704712
709.9369525909424
709.8012924194336
710.1419687271118
710.1377010345459
710.3508234024048
710.6383562088013
711.1319065093994
711.0199451446533
711.3833427429199
711.1898422241211
711.5628480911255
711.773419380188
712.1210813522339
712.1122121810913
712.3705387115479
712.3483657836914
712.5903606414795
712.8305435180664
712.9763841629028
712.9424095153809
713.2273435592651
713.161563873291
712.9026174545288
713.6698007583618
713.5626792907715
714.4552707672119
714.2584323883057
714.5317077636719
714.5574808120728
714.7306442260742
715.0218725204468
715.1083946228027
715.1903390884399
715.8777236938477
715.6073331832886
715.8018589019775
716.2051439285278
715.9674644470215
715.6887769699097
716.5128946304321
716.5519714355469
716.4505481719971
717.0762300491333
716.8840646743774
717.2385454177856
717.3268795013428
717.7708625793457
717.900800704956
717.9033279418945
718.1417465209961
718.2329177856445
718.2194948196411
718.5321807861328
718.6384916305542
718.4974908828735
718.7983989715576
718.3773040771484
719.3493604660034
719.4995880126953
719.6039915084839
719.5566654205322
719.6999073028564
719.5677757263184
720.2215671539307
720.4923391342163
720.749831199646
720.5227375030518
720.9473609924316
721.4364528656006
721.4484930038452
721.2820768356323
721.8708992004395
721.7855215072632
721.7819213867188
722.3066091537476
722.3039150238037
722.4015235900879
722.5021600723267