46.10621929168701
44.87335681915283
39.79322910308838
38.79516124725342
38.0859375
37.51099109649658
37.371134757995605
37.4760627746582
37.6068115234375
37.99779415130615
38.2596492767334
38.430023193359375
38.56775760650635
38.699984550476074
38.87066841125488
39.013051986694336
39.073801040649414
39.124345779418945
39.095234870910645
39.18442726135254
39.26503658294678
39.592862129211426
39.50309753417969
39.59825038909912
39.674925804138184
39.75255489349365
39.85543251037598
39.94193077087402
40.0423526763916
40.16213417053223
40.22853374481201
40.34872055053711
40.41800498962402
40.538716316223145
40.584588050842285
40.79916477203369
40.81122875213623
40.91339111328125
41.040802001953125
41.257357597351074
41.22602939605713
41.335129737854004
41.44909381866455
41.67916774749756
41.695284843444824
41.88807010650635
41.87722206115723
41.994667053222656
42.191362380981445
42.19677448272705
42.29631423950195
42.43636131286621
42.55013465881348
42.674922943115234
42.75789260864258
42.84262657165527
42.93704032897949
43.12098026275635
43.14761161804199
43.17972660064697
43.332815170288086
43.42913627624512
43.58663558959961
43.74849796295166
43.872761726379395
43.95430088043213
43.9763069152832
44.11787986755371
44.18144226074219
44.35081481933594
44.47469711303711
44.483399391174316
44.640278816223145
44.66736316680908
44.7575569152832
44.85430717468262
44.90559101104736
45.01998424530029
45.13399600982666
45.21746635437012
45.41888236999512
45.514845848083496
45.51973342895508
45.57480812072754
45.78120708465576
46.01552486419678
46.07579708099365
46.03843688964844
46.12932205200195
46.20487689971924
46.38535976409912
46.5254545211792
46.60496711730957
46.636366844177246
46.70066833496094
46.874165534973145
46.891140937805176
47.01714515686035
47.065162658691406
47.20778465270996
47.26560115814209
47.432732582092285
47.451186180114746
47.61767387390137
47.74489402770996
47.87006378173828
47.86839485168457
48.00534248352051
48.13032150268555
48.3426570892334
48.35703372955322
48.5370397567749
48.531317710876465
48.68807792663574
48.78239631652832
48.76081943511963
48.93066883087158
48.93803596496582
49.01924133300781
49.13475513458252
49.35250282287598
49.500489234924316
49.58186149597168
49.66452121734619
49.839043617248535
49.894022941589355
50.01938343048096
50.00877380371094
50.0762939453125
50.15530586242676
50.26998519897461
50.38430690765381
50.4896879196167
50.60155391693115
50.74951648712158
50.82497596740723
50.96995830535889
51.14469528198242
51.32908821105957
51.12617015838623
51.290249824523926
51.441311836242676
51.41949653625488
51.60343647003174
51.68662071228027
51.74434185028076
51.8294095993042
51.97005271911621
52.071428298950195
52.38974094390869
52.29380130767822
52.48255729675293
52.58491039276123
52.69284248352051
52.765727043151855
52.84013748168945
52.93419361114502
53.089022636413574
53.13065052032471
53.237056732177734
53.36482524871826
53.44247817993164
53.60307693481445
53.78725528717041
53.81958484649658
53.974318504333496
54.050230979919434
54.22327518463135
54.24022674560547
54.41689491271973
54.49626445770264
54.65826988220215
54.7619104385376
54.842495918273926
55.0692081451416
55.062270164489746
55.152010917663574
55.25805950164795
55.34844398498535
55.50680160522461
55.60159683227539
55.78422546386719
55.88185787200928
55.971312522888184
56.23016357421875
56.36177062988281
56.43634796142578
56.45394325256348
56.61444664001465
56.69088363647461
56.83891773223877
56.98540210723877