88.80412578582764
88.65640163421631
88.76757621765137
88.91420364379883
89.02285099029541
89.05646800994873
89.23952579498291
89.41643238067627
89.46146965026855
89.57819938659668
89.74597454071045
89.89033699035645
89.99907970428467
90.146803855896
90.18824100494385
90.32840728759766
90.47276973724365
90.65227508544922
90.79890251159668
90.98873138427734
91.06299877166748
91.29414558410645
91.37036800384521
91.50390625
91.72899723052979
91.84446334838867
91.95759296417236
92.07375049591064
92.23377704620361
92.3454761505127
92.56019592285156
92.67916679382324