312.6633644104004
312.4568223953247
312.7741813659668
313.02647590637207
313.2421016693115
314.5183563232422
318.9446687698364
319.89779472351074
320.2991724014282
320.29411792755127
320.0995683670044
319.89195346832275
319.91777420043945
320.15669345855713
320.50323486328125
320.11258602142334
320.57578563690186
320.88325023651123
320.6743001937866
321.3300943374634
321.5296268463135
322.1801996231079
322.2010374069214
322.40869998931885
322.5648880004883
322.8987693786621
323.84369373321533
323.66724014282227
324.013876914978
324.0323305130005
324.1948127746582
324.7305631637573
324.6612548828125
325.9294033050537
325.69549083709717
324.7514486312866
327.15744972229004
328.31718921661377
328.3475637435913
327.8402328491211
328.01952362060547
327.5179386138916
328.9081573486328
328.1632661819458
327.4048328399658
327.55770683288574
327.7265787124634
328.29620838165283
328.4290313720703
328.8562059402466
329.44509983062744
329.9105405807495
330.0290584564209
330.4600954055786
330.65574169158936
330.76558113098145
331.49523735046387
331.9013833999634
331.95950984954834
332.20436573028564
332.85579681396484
333.4040641784668
333.52484703063965
333.58912467956543
333.39664936065674
334.78503227233887
337.4917507171631
338.2347345352173
339.4564390182495
338.81170749664307
337.94543743133545
338.48369121551514
338.28907012939453
338.3858919143677
338.4018659591675
338.5718822479248
338.5957717895508
338.7646436691284
338.840126991272
339.428973197937
339.7683382034302
340.3329372406006
340.2015686035156
341.1173105239868
341.08593463897705
341.5257930755615
342.3243522644043
341.93663597106934
341.11616611480713
341.83759689331055
342.33686923980713
341.9579267501831
342.30921268463135
342.2583818435669
343.43488216400146
342.6846742630005
343.13483238220215
344.2161560058594
343.68510246276855
343.33503246307373
342.91019439697266
342.76206493377686
342.470121383667
342.60120391845703
342.6290512084961
342.73736476898193
342.8240776062012
342.8506851196289
343.41607093811035
343.83203983306885
344.19469833374023
344.46070194244385
344.8064088821411
345.1911926269531
345.46852111816406
345.934796333313
346.173620223999
346.3174819946289
346.6712236404419
346.9385623931885
347.1312999725342
347.72024154663086
347.60451316833496
347.9241609573364
348.175573348999
349.09799098968506
351.5423774719238
351.7083406448364
351.6490936279297
350.8584260940552
350.75132846832275
350.5925416946411
351.2765645980835
350.7121801376343
350.4588842391968
350.51536560058594
350.6481170654297