194.62511539459229
195.13332843780518
195.3406572341919
195.89548110961914
196.11597061157227
194.53063011169434
194.806170463562
195.0697898864746
195.39506435394287
197.77119159698486
198.16532135009766
198.5523223876953
198.78768920898438
199.16281700134277
199.6072292327881
202.02717781066895
205.63178062438965
206.10833168029785
205.58817386627197
204.9504041671753
204.6537160873413
204.50401306152344
204.58948612213135
204.75327968597412
204.86321449279785
205.06718158721924
205.42104244232178
205.77874183654785
205.99181652069092
206.201434135437
206.32364749908447
206.73344135284424