32.148582458496037
35.533080101013183
36.35971546173096
48.51174354553223
51.44376754760742
53.6851167678833
54.43594455718994
55.347418785095215
55.64441680908203
56.032419204711914
56.439781188964844
56.70018196105957
56.911563873291016
57.09197521209717
57.254838943481445
57.431650161743164
57.645344734191895
57.822299003601074
57.924747467041016
58.08219909667969
58.20777416229248
58.37349891662598
58.6245059967041
58.66191387176514
58.79874229431152
59.06360149383545
59.16190147399902
59.26403999328613
59.44066047668457
59.66916084289551
59.65127944946289
59.799981117248535
59.902358055114746
60.117387771606445
60.27195453643799
60.38651466369629
60.55724620819092
60.658812522888184
60.79521179199219
60.993409156799316
61.22424602508545
61.3581657409668
61.47282123565674
61.586618423461914
61.75341606140137
61.94887161254883
62.047457695007324
62.22522258758545
62.389159202575684
62.37523555755615
62.5636100769043
62.805795669555664
62.877702713012695
63.06278705596924
63.25821876525879
63.29071521759033
63.52732181549072
63.66593837738037
63.813042640686035
63.89055252075195
64.10219669342041
64.27829265594482
64.45415019989014
64.58404064178467
64.78867530822754
64.97640609741211
65.15228748321533
65.27161598205566
65.4317855834961
65.56336879730225
65.70255756378174
65.90466499328613
66.09761714935303
66.21696949005127
66.35429859161377
66.46301746368408
66.628098487854
66.86544418334961
66.99404716491699
67.1677827835083
67.30127334594727
67.42141246795654
67.54677295684814
67.68016815185547
67.7980899810791
68.00732612609863
68.12863349914551
68.25804710388184
68.36073398590088
68.54755878448486
68.66555213928223
68.83971691131592
68.92216205596924
69.08822059631348
69.22504901885986
69.38366889953613
69.51744556427002
69.64607238769531
69.78075504302979
69.94991302490234
70.11878490447998
70.27056217193604
70.36173343658447
70.56910991668701
70.68014144897461
70.81470489501953
70.93222141265869
71.08454704284668
71.20397090911865
71.38388156890869
71.57833576202393
71.73101902008057
71.82595729827881
71.94087505340576
72.13008403778076
72.23927974700928
72.36101627349854
72.50344753265381
72.6508617401123
72.77348041534424
73.01814556121826
73.14116954803467
72.91107177734375
73.44021797180176
73.57065677642822
73.77035617828369
73.89628887176514
74.04782772064209
74.23338890075684
74.35336112976074
74.51479434967041
74.57530498504639
74.77898597717285
75.02105236053467
75.07407665252686
74.99063014984131
75.33094882965088
75.46422481536865
75.54178237915039
75.61278343200684
75.85694789886475
75.98574161529541
76.0631799697876
76.18024349212646
76.29189491271973
76.25577449798584
76.55344009399414
76.69079303741455
76.58200263977051
76.84988975524902
76.85105800628662
77.23379135131836
77.31747627258301
77.5374174118042
77.59013175964355
77.8390645980835
77.97384262084961
78.0482292175293
78.12933921813965
78.32896709442139
78.52296829223633
78.68509292602539
78.77078056335449
78.93590927124023
78.87012958526611
79.05948162078857
79.34210300445557
79.41429615020752
79.57475185394287
79.70941066741943
79.75547313690186
80.04155158996582
80.13324737548828
80.27634620666504
80.36348819732666
80.62131404876709
80.6678056716919
80.81269264221191
81.01282119750977
80.8213472366333
81.1103343963623
81.56261444091797
81.7009687423706
81.8446159362793
81.9343090057373
81.92300796508789
82.19285011291504
82.38999843597412
82.57946968078613
82.70471096038818
82.67059326171875
82.99195766448975