118.04835796356201
123.58324527740479
106.67545795440674
93.4300422668457
93.25282573699951
91.9032096862793
90.17465114593506
90.18065929412842
92.4919843673706
93.26603412628174
93.72868537902832
93.71647834777832
94.04988288879395
94.16525363922119
94.3488359451294
94.59688663482666
94.8819637298584
95.12274265289307
95.29557228088379
95.6063985824585
95.84705829620361
96.05882167816162
96.39594554901123
96.5156078338623
96.94433212280273
97.20616340637207
97.359299659729
97.59736061096191
97.62558937072754
98.55978488922119
100.14464855194092
100.9150743484497
100.82414150238037
100.86472034454346
101.07898712158203
101.02880001068115
101.22799873352051
101.26383304595947
101.51007175445557
101.84416770935059
102.48005390167236
102.69532203674316
102.93464660644531
103.14338207244873
103.47230434417725
103.72073650360107
103.93710136413574
104.0412425994873
104.37936782836914
104.60672378540039
104.76903915405273
105.26628494262695
105.3213357925415
105.7091236114502
105.95550537109375
106.22713565826416
106.38613700866699
106.54258728027344
106.96053504943848
108.42723846435547
110.67607402801514
110.9029769897461
109.99786853790283
109.46106910705566
109.18538570404053
109.46547985076904
109.2191219329834
109.6116304397583
109.67247486114502
109.95309352874756
110.05268096923828
110.43319702148438
110.58833599090576
110.79714298248291
110.99550724029541
111.35444641113281
111.45164966583252
111.99467182159424
112.08391189575195
112.34927177429199
112.6136064529419
112.73491382598877
112.96956539154053
113.23995590209961
113.61894607543945
113.98494243621826
114.03498649597168
114.2514705657959
114.49294090270996
115.67893028259277
118.52943897247314
119.44348812103271
119.4993257522583
119.43702697753906
119.40515041351318
119.51751708984375
119.68469619750977
119.67482566833496
120.07958889007568
120.28577327728271
120.4042911529541
120.88723182678223
121.1510419845581
121.41780853271484
121.65887355804443
122.10948467254639
122.34642505645752
122.62327671051025
122.80154228210449
122.95570373535156
123.20525646209717
123.60978126525879
123.67091178894043
124.09272193908691
124.67246055603027
124.67672824859619
124.86870288848877
124.88534450531006
125.21219253540039
126.54328346252441
128.74445915222168
129.12437915802002
128.45592498779297
127.63161659240723
127.23190784454346
127.18045711517334
127.02431678771973
127.14221477508545
127.19907760620117
127.44214534759521
127.85272598266602
128.0757188796997
128.2710075378418
128.7384033203125
129.015851020813
129.1635274887085
129.58920001983643
129.93178367614746
130.28969764709473
130.63535690307617
131.0166358947754
131.24308586120605
131.75654411315918
132.0002555847168
132.26401805877686
132.57908821105957
132.94119834899902
133.18886756896973
133.56459140777588
134.47000980377197
137.43395805358887
138.39232921600342
138.23511600494385
138.06068897247314
138.10937404632568
138.26358318328857
138.37127685546875
138.70482444763184
139.15598392486572
139.36123847961426
139.37907218933105
139.83957767486572
140.05613327026367
140.47644138336182
140.98267555236816
141.35184288024902
141.5682554244995
141.70782566070557
141.94982051849365
142.246413230896
142.45803356170654
143.17340850830078
143.1032657623291
143.6087131500244
143.75579357147217
144.0126895904541
144.45030689239502
144.83675956726074
145.21327018737793
146.73829078674316
148.07031154632568
147.87771701812744
147.08309173583984
146.41451835632324
146.30694389343262
146.38326168060303
146.49999141693115
146.68681621551514
146.89948558807373
147.0783233642578
147.31762409210205
147.70596027374268