789.0146732330322
795.1279878616333
795.5236434936523
796.0641384124756
796.0796117782593
789.789867401123
789.6373271942139
790.4448747634888
790.5959844589233
790.7057762145996
791.6889429092407
791.6760921478271
791.3497924804688
792.0602560043335
792.1054840087891
792.7309989929199
792.549204826355
789.5511865615845
790.9219741821289
796.615481376648
799.4518756866455
798.2381105422974
797.3103284835815
795.8778142929077
794.945478439331
794.5619583129883
797.395396232605
796.7384815216064
797.2323894500732
796.2677240371704
797.1595525741577
796.8002796173096
797.7197885513306
798.1024503707886
798.6852169036865
798.2444286346436
798.5398530960083
798.7154960632324
798.7464427947998
799.5141744613647
800.0635147094727
800.6475925445557
800.5513668060303
800.8674383163452
801.214075088501
801.3161420822144
802.1062135696411
802.5773286819458
804.2821884155273
812.7238750457764
817.6306962966919
818.743371963501
817.9785251617432
818.0252552032471
817.6967144012451
818.7974452972412
819.4546699523926
820.2021837234497
819.0447092056274
818.7979698181152
819.0924882888794
819.4270610809326
819.3078279495239
819.6969985961914
819.9048280715942
819.6331739425659
820.093584060669
820.3739404678345
820.6193447113037
821.3526010513306
820.787501335144
821.6115236282349
821.818470954895
821.8804836273193
822.569727897644
822.3836183547974
822.7791547775269
822.8603363037109
823.8843202590942
828.6321401596069
830.4323434829712
827.8445959091187
825.0507354736328
823.9906549453735
822.0852851867676
821.8039512634277
821.8806505203247
821.6861963272095
821.5783834457397
821.5976715087891
821.9352960586548
821.8105792999268
821.8005418777466
822.6969003677368
822.5550889968872
822.8398561477661
822.866415977478
822.8829860687256
822.8131055831909
823.1930017471313
824.7574806213379
824.9638319015503
824.7658252716064
825.5352735519409
825.0783920288086
826.2635231018066
826.4606714248657
826.7979621887207
828.7253856658936
837.8706455230713
843.2090759277344
844.135308265686
843.6107873916626
843.2642459869385
843.3929681777954
843.0176496505737
843.4029817581177
843.1342601776123
844.0245389938354
844.4750547409058
844.4873571395874
844.3135738372803
844.5775985717773
844.6281909942627
846.1386442184448
846.0785865783691
845.9280490875244
845.8277463912964
845.8078861236572
847.2238302230835
847.2649574279785
847.5792169570923
847.9224920272827
848.4827518463135
848.9927530288696
849.1797685623169
848.7786531448364
849.0942716598511
849.1580963134766
851.0340452194214
854.1491508483887
852.021336555481
849.4260549545288
848.0482339859009
846.5935945510864
846.3839054107666
845.6392526626587
845.8829402923584
845.850658416748
845.9918022155762
846.8553066253662
846.8369007110596
846.7787265777588
847.0274448394775
847.1193552017212
847.1860408782959
847.5622177124023
848.1127738952637
847.9799747467041
849.118447303772
849.0617036819458
850.5571842193604
849.7114419937134
850.502347946167
850.8993864059448
851.4493942260742
851.4313459396362
851.9665718078613
853.1988620758057
860.7757091522217
863.6954545974731
863.1669282913208
862.3267412185669
861.3195896148682
861.1094951629639
860.9230279922485
860.6503486633301
860.581636428833
860.7032775878906
861.3087177276611
861.8524312973022
861.9544982910156
862.2313737869263
862.9259824752808
861.812686920166
862.9999876022339
863.0519151687622
863.0077838897705
862.9947185516357
863.9746189117432
864.344072341919
864.0599727630615
864.0743494033813
865.5552625656128
865.7254695892334
865.9783840179443
865.9281492233276
866.3248062133789
867.3385858535767
870.0622320175171
870.641040802002
868.0758714675903
864.8870706558228
862.9442691802979
862.0044469833374
861.2398386001587
860.9429359436035
860.4520320892334
861.2947225570679
861.1440896987915
861.2685203552246
861.8176460266113
862.2333288192749
861.973762512207
862.4325275421143
862.5514507293701
862.7878904342651
862.9289388656616
863.0719900131226
863.4881258010864
863.4623765945435
864.1542434692383
864.8076057434082
864.8609161376953
865.2122974395752
865.5604600906372
866.3165330886841
866.6021347045898
867.6887035369873
879.4581651687622
885.4147911071777
886.3553762435913
886.4514589309692
885.3365659713745
885.2606534957886
885.3686809539795
885.7849597930908
885.2826833724976
885.7671976089478
885.5473279953003
885.82763671875
886.062216758728
886.2302780151367
886.3497257232666
886.7645502090454
887.4977350234985
886.8423223495483
887.2276067733765
887.3897552490234
887.8762006759644
888.1572484970093
888.7883186340332
889.1552448272705
889.3587350845337
889.3008470535278
889.8468732833862
890.2604818344116
900.9835481643677
903.8619041442871
912.0697021484375
915.3403520584106
914.7234678268433
912.4433517456055
911.6216421127319
910.4464054107666
910.7277154922485
909.914493560791
910.2669477462769
910.4189395904541
910.4932308197021
910.7802629470825
910.7774496078491
910.8789682388306
911.1882925033569
911.5873098373413
912.2195243835449
912.736964225769
912.3086452484131
912.1614217758179
913.2960319519043
913.0515098571777
913.5989665985107
914.2619848251343
914.279294013977
914.6285772323608
915.2837038040161
915.5429363250732
916.1248683929443
917.5615549087524
923.6355781555176
928.5607099533081
928.5062789916992
927.4954319000244
927.316427230835
926.956844329834
926.9225358963013
927.0269155502319
927.1617650985718
927.928614616394
928.0041933059692
927.9927492141724
928.3551216125488
928.317403793335
928.7459135055542
928.8212299346924
929.4806480407715
929.448390007019
929.7582149505615
930.1903963088989
930.4880857467651
930.9493064880371
931.2172174453735
932.1738719940186
932.4847221374512
932.5244188308716
932.7937841415405
933.0913066864014
933.7063074111938
931.2351703643799
934.8103284835815
936.0942125320435
934.0919971466064
931.7856073379517
930.3527355194092
929.444146156311
928.6295652389526
928.223991394043
928.4461498260498
928.7517309188843
928.6383867263794
928.8449048995972
929.1201114654541
929.9717903137207
929.8791408538818
930.1597118377686
930.7078838348389
930.4654121398926
930.5803775787354
931.071925163269
931.9017648696899
931.7646741867065
932.8693389892578
932.8815221786499
932.7197551727295
933.4118843078613
933.8541984558105
934.7248077392578
935.2594614028931
936.930775642395
947.9776382446289
952.9446840286255
953.4345865249634
952.8855800628662
952.3924350738525
951.9355297088623
952.0679235458374
951.8415927886963
952.1244525909424
952.3855686187744
952.6411771774292
952.7953863143921
953.6049842834473
953.8475513458252
954.0007591247559
954.0160894393921
954.3831825256348
954.4320821762085
954.5680522918701
954.8678159713745
955.7229280471802
956.3117265701294
956.5877676010132
956.810474395752
957.2796821594238
957.3465824127197
957.8982353210449
958.6153268814087
958.5639476776123
956.7810535430908
959.8086595535278
962.4210834503174
960.3778123855591
957.7107191085815
957.0687055587769
955.1557779312134
954.4431924819946
954.1884660720825
955.5200338363647
954.39772605896
954.6900510787964
954.6556949615479
954.7863245010376
955.2837133407593
955.4787874221802
955.7568788528442
956.0382127761841
956.3721656799316
956.6518783569336
956.6239833831787
957.3647260665894
957.7545166015625
958.3598852157593
958.8273525238037
959.2496633529663
959.5845222473145
959.8184823989868
960.2548599243164
960.6520414352417
963.1454944610596
975.0516414642334
979.7064304351807
980.1589488983154
979.4798374176025
979.1615009307861
979.1231155395508
978.9463758468628
979.3081283569336
979.3285608291626
978.6348342895508
979.4711589813232
979.2263984680176
980.2879333496094
980.1472663879395
979.5004367828369
980.6309700012207
981.3066005706787
980.5398225784302
980.3393840789795
981.2762022018433
981.9300651550293
984.2519998550415
983.1828355789185
984.3126058578491
984.308934211731
984.3191385269165
984.2134475708008
984.2535495758057
984.7426176071167
984.6732378005981
987.712574005127
989.5726442337036
987.1873617172241
984.9431276321411
982.6852083206177
981.9268465042114
981.2500715255737
980.910849571228
981.1968088150024
981.0984134674072
981.1786413192749
981.6345930099487
981.8364858627319
981.9283962249756
982.1638822555542
982.5235366821289
982.6109409332275
983.0546140670776
982.9374551773071
983.1099510192871
983.9351415634155
984.6455335617065
984.9915266036987
985.7870101928711
985.8701229095459
986.3913774490356
986.8838787078857
987.2395992279053
987.7618312835693
990.5936241149902
1002.7487277984619
1006.3825607299805
1006.0894012451172
1004.7147750854492
1004.1717052459717
1003.2945156097412
1003.8832664489746
1003.3858060836792
1003.5685539245605
1003.7091493606567
1003.226900100708
1004.1857957839966
1004.5604705810547
1003.6020517349243
1005.0096035003662
1005.0548791885376
1005.1181793212891
1005.9723615646362
1006.3780307769775
1006.3453197479248
1006.8881750106812
1006.8614721298218
1007.8794956207275
1008.1123113632202
1008.8200330734253
1008.8053226470947
1009.3625783920288
1009.6761226654053
1010.3795766830444
1009.1179847717285
1013.661003112793
1015.9726619720459
1014.1018867492676
1011.4160776138306
1009.0998649597168
1008.1955909729004
1007.8858375549316
1007.3037147521973
1007.7396392822266
1008.0734014511108
1008.4689140319824
1008.2895278930664
1008.4348917007446
1008.6888313293457
1008.8962078094482
1008.9251041412354
1009.0402603149414
1009.4248533248901
1009.5422983169556
1009.3277215957642
1010.0062847137451
1010.5030536651611
1011.1607789993286
1011.7241144180298
1012.6807451248169
1012.7024173736572
1012.9903793334961
1013.4417057037354
1013.1575107574463
1015.3757810592651
1026.20267868042
1030.2435636520386
1030.5784702301025
1029.2892456054688
1027.7948141098022
1027.6565313339233
1028.4322500228882
1028.1227588653564
1026.971459388733
1028.3140182495117
1028.4269332885742
1029.4050693511963
1029.4410467147827
1029.1232824325562
1030.233383178711
1030.2758932113647
1030.3305864334106
1030.377721786499
1031.0344219207764
1031.5703868865967
1031.8011045455933
1032.3978424072266
1032.8253746032715
1033.3513021469116
1033.638596534729
1034.2067003250122
1034.4186305999756
1034.4545364379883
1034.9748849868774
1034.9411010742188
1040.128517150879
1041.6650295257568
1039.3462657928467
1037.0453119277954
1035.8521461486816
1034.7405433654785
1034.5839977264404
1033.926272392273
1034.4107151031494
1034.2683553695679
1034.2999458312988
1034.809947013855
1034.606671333313
1034.8544597625732
1034.6940755844116
1035.2387428283691
1035.261583328247
1035.6393098831177
1035.6191158294678
1036.1496686935425
1036.8146896362305
1036.7380380630493
1036.9301080703735
1038.2323026657104
1038.7656927108765
1038.9010429382324
1039.8316621780396
1040.0882005691528
1040.0323867797852
1042.3582315444946
1054.7802925109863
1059.410548210144
1061.1657619476318
1058.7302923202515
1057.5358867645264
1057.4750661849976
1057.1160554885864
1056.6494464874268
1057.9246520996094
1057.9215049743652
1057.3687553405762
1057.5787544250488
1058.7693214416504
1058.7849378585815
1058.8320970535278
1059.1336011886597
1059.3658685684204
1059.621024131775
1059.6322774887085
1060.4734182357788
1060.6719970703125
1061.647367477417
1061.4645719528198
1063.063144683838
1062.6986265182495
1062.9368782043457
1063.7803554534912
1063.471269607544
1064.244031906128
1066.5666103363037
1068.4982776641846
1069.0568685531616
1066.7194604873657
1064.0780687332153
1062.7562046051025
1062.241792678833
1061.0804319381714
1061.0268115997314
1061.6415977478027
1061.409592628479
1061.5592956542969
1062.0551586151123
1062.4807596206665
1062.9093885421753
1063.163185119629
1062.9488706588745
1063.5174989700317
1062.8721237182617
1063.4396076202393
1063.8460397720337
1064.1203165054321
1065.0131702423096
1064.775538444519
1065.775227546692
1065.4897212982178
1066.6667938232422
1066.5844440460205
1067.5634384155273
1067.583727836609
1072.2421884536743
1084.290337562561
1086.1236095428467
1085.4063034057617
1083.995270729065
1083.325433731079
1083.629870414734
1082.1983337402344
1082.8843593597412
1082.295274734497
1083.3924531936646
1083.5031986236572
1083.3484411239624
1084.3058824539185
1084.6925735473633
1085.2123260498047
1085.392427444458
1086.1456394195557
1085.7678413391113
1086.008906364441
1086.170744895935
1086.8454694747925
1087.7495050430298
1087.7614974975586
1088.8468265533447
1089.385986328125
1090.6285285949707
1090.5962228775024
1091.7234659194946
1091.8927192687988
1092.9763317108154
1096.318006515503
1098.6252546310425
1096.7026233673096
1095.1725959777832
1093.125057220459
1092.1256065368652
1091.8527603149414
1091.4602994918823
1091.7683601379395
1091.8606758117676
1092.3461198806763
1092.71981716156
1093.4385061264038
1093.9345836639404
1093.7488317489624
1093.5717582702637
1094.7255611419678
1093.8847541809082
1094.0975904464722
1094.5740938186646
1095.606017112732
1095.9429025650024
1096.9061851501465
1097.3768472671509
1097.9750633239746
1098.3766078948975
1099.107050895691
1098.8625049591064
1099.428939819336
1103.1493663787842
1115.088438987732
1118.1467294692993
1116.7873620986938
1114.5662307739258
1113.8405799865723
1113.0736112594604
1113.104772567749
1112.8884315490723
1112.6963376998901
1112.9904985427856
1113.4329795837402
1114.3105745315552
1113.5972023010254
1113.7465953826904
1113.6395692825317
1114.4136905670166
1114.3890857696533
1114.6677255630493
1115.0513410568237
1114.7016286849976
1115.577507019043
1116.199517250061
1116.3297653198242
1117.1305656433105
1117.9211854934692
1118.5416221618652
1118.5047388076782
1118.8807725906372
1118.98992061615
1119.9641704559326
1122.2564697265625
1122.0514297485352
1120.604681968689
1118.2536125183105
1116.8938875198364
1116.181468963623
1115.5740976333618
1115.550422668457
1115.4163122177124
1115.364956855774
1115.2685642242432
1115.6671524047852
1115.5367374420166
1115.7934665679932
1118.5395956039429
1116.0146236419678
1115.9713983535767
1115.6304836273193
1116.043496131897