274.6009826660156
275.2285957336426
275.4263401031494
275.9087085723877
276.0244607925415
270.14527320861816
270.4761266708374
270.8954334259033
272.11198806762695
277.5991439819336
278.1747341156006
277.74646282196045
278.1444311141968
279.2581558227539
282.04474449157715
283.13136100769043
282.4134111404419
281.4117908477783
281.95886611938477
281.2870979309082
281.4957618713379
281.1199188232422
281.1331272125244
281.4462184906006
282.0824146270752
282.2824954986572
282.455039024353
282.76216983795166
283.0951452255249
283.1366300582886
283.44409465789795
283.8854789733887
284.4310760498047
284.7320318222046
284.53519344329834
284.9935531616211
285.53013801574707
285.4508399963379
286.1055612564087
286.58759593963623
286.7537021636963
287.380051612854
287.47637271881104
289.5695209503174
292.0804738998413
291.67659282684326
289.9552583694458
288.16843032836914
287.4213933944702
287.1485471725464
287.27400302886963
287.233304977417
287.4589681625366
287.84019947052
287.8986358642578
287.9812955856323
288.48841190338135
288.8657331466675
289.1641616821289
289.397668838501
289.85681533813477
290.0947570800781
290.5303955078125
290.58587551116943
291.070032119751
291.21291637420654
291.42134189605713
291.3719654083252
291.76957607269287
292.0825958251953
292.616605758667
292.7603006362915
292.2736644744873
293.97804737091064
298.23334217071533
299.75194931030273
299.1126775741577
297.97725677490234
297.6510524749756
297.4593162536621
297.213077545166
297.3412036895752
297.4942207336426
297.47955799102783
298.09393882751465
298.2452392578125
298.53994846343994
298.9067077636719
299.1175174713135
299.208927154541
299.76019859313965
299.85857009887695
300.3122329711914
300.5834102630615
300.87366104125977
301.2747049331665
301.3129949569702
301.59599781036377
302.1400213241577
302.4359941482544
302.5285005569458
302.9886722564697
303.44064235687256
305.2995204925537
310.86010932922363
312.83836364746094
312.1234178543091
311.2868070602417
310.59985160827637
310.51323413848877
310.4637145996094
310.59210300445557
310.69891452789307
310.937762260437
310.8386754989624
311.4725351333618
311.7478370666504
312.01536655426025
312.54892349243164
312.9345893859863
313.14494609832764
313.550066947937
314.5395755767822
314.28070068359375
314.4747495651245
314.5686864852905
314.8616552352905
315.15254974365234