54.00974750518799
55.6934118270874
57.16300010681152
57.929205894470215
58.11209678649902
58.064961433410645
58.01348686218262
58.08372497558594
58.19196701049805
58.583998680114746
58.60443115234375
58.66425037384033
58.66372585296631
58.696746826171875
58.750176429748535
58.731722831726074
58.79693031311035
58.84504318237305
58.87274742126465
58.971333503723145
58.93595218658447
59.20989513397217
59.00468826293945
59.00571346282959
59.0407133102417
59.03420448303223
59.064364433288574
59.70113277435303
59.11457538604736
59.477806091308594
59.61811542510986
59.830617904663086
59.8238468170166
59.832167625427246
60.02793312072754
59.869980812072754
59.9207878112793
59.876203536987305
59.8691463470459
59.9808931350708
59.908390045166016
59.998154640197754
60.089683532714844
60.12411117553711
60.18044948577881
60.2618932723999
60.301995277404785
60.32454967498779
60.38670539855957
60.41274070739746
60.491347312927246
60.51297187805176
60.730648040771484
60.61100959777832
60.80331802368164
60.72847192940123
60.67147254943848
60.695600509643555
60.703182220458984
60.90869903564453
61.24992370605469
61.489129066467285
61.400771141052246
62.42966651916504
62.719082832336426
62.75928020477295
63.320064544677734
64.03522491455078
64.06128406524658
64.09163475036621
64.12582397460938
64.15033340454102
64.21701908111572
65.14527797698975
65.7902479171753
65.77596664428711
65.8217191696167
65.88056087493896
65.91973304748535
65.97449779510498
66.02251529693604
66.05708599090576
66.06371402740479
66.11969470977783
66.10023975372314
66.13390445709229
66.14959239959717
66.21134281158447
66.19679927825928
66.26753807067871
66.66557788848877
66.78028106689453
66.80700778961182
66.87197685241699
66.90595149993896
66.87123775482178
66.88978672027588
66.90359115600586
66.94326400756836
67.28174686431885
66.95301532745361
66.97969436645508
67.04885959625244
67.13929176330566
67.20712184906006
67.28322505950928
67.3154354095459
67.37222671508789
67.44887828826904
67.48440265655518
67.54708290100098
67.55578517913818
67.57814884185791
67.63782501220703
67.67234802246094
67.69444942474365
67.70868301391602
67.7574872970581
67.769455909729
67.81487464904785
68.09022426605225
68.13371181488037
68.15288066864014
68.21651458740234
68.28024387359619
68.36690902709961
68.49136352539062
68.52355003356934
68.53418350219727
68.56307983398438
68.66929531097412
68.7408447265625
68.80214214324951
68.90759468078613
68.99652481079102
69.03524398803711
69.12615299224854
69.23460960388184
69.25139427185059
69.31583881378174
69.33207511901855
69.46825981140137
69.51346397399902
69.58818435668945
69.59853172302246
69.60444450378418
69.64216232299805
69.69120502471924
69.71993446350098
69.78154182434082
70.15581130981445
70.2183485031128
70.27347087860107
70.3026294708252
70.36826610565186
70.41218280792236
70.48537731170654
70.5007791519165
70.5758810043335
70.6399917602539
70.66478729248047
70.74840068817139
70.81012725830078
70.92108726501465
71.02646827697754
71.11856937408447
71.23825550079346
71.2881088256836
71.33524417877197
71.3397741317749
71.39406204223633
71.53449058532715
71.5857744216919
71.67243957519531
71.70279026031494
71.73802852630615
71.79851531982422
71.83060646057129
71.83892726898193
71.9170331954956
72.07775115966797
72.20537662506104
72.27709293365479
72.29311466217041
72.37026691436768
72.43425846099854
72.4614143371582
72.46851921081543
72.51033782958984
72.52202033996582
72.41196632385254
72.44927883148193