118.63589286804199
118.66703033447266
118.57461929321289
118.67985725402832
118.88515949249268
117.68052577972412
117.85533428192139
118.04678440093994
118.2715892791748
119.95301246643066
120.26116847991943
120.45657634735107
120.58570384979248
120.67413330078125
120.90573310852051
121.07319831848145
121.26295566558838
121.47161960601807
121.60656452178955
121.84274196624756
121.99954986572266
122.22237586975098
122.38657474517822
122.62170314788818
122.90079593658447
122.88439273834229
123.09670448303223
123.33784103393555
123.5358715057373
123.6433744430542
123.95431995391846
124.13051128387451