62.787723541259766
62.784528732299805
62.88864612579346
62.97914981842041
63.06326389312744
63.04945945739746
63.17000389099121
63.31796646118164
63.42117786407471
63.657546043395996
63.79716396331787
63.86594772338867
63.93778324127197
64.0373945236206
64.09094333648682
64.20211791992188
64.30995464324951
64.45062160491943
64.51244354248047
64.65222835540771
64.68982696533203
64.85617160797119
64.92719650268555
65.03655910491943
65.17879962921143
65.29576778411865
65.4033899307251
65.51358699798584
65.6135082244873
65.66462516784668
65.81089496612549
65.92848300933838