1166
1132
1174
1159
1144
1152
1146
1153
1163
1162
1186
1129
1180
1148
1165
1126
1160
1161
1118
1142
1167
1151
1140
1183
1136
1178
1145
1182
1200
1164
1169
1143
1154
1108
1141
1155
1194
1138
1156
1179
1137
1184
1139
1125
1149
1168
1135
1127
1173
1181
1128
1171
1187
1134
1170
1117
1175
1122
1177
1130
1133
1172
1185
1157
1158
1176
1150
1192
1098
1147
1116
1104
1196
1131
1124
1120
1121
1189
1188
1106
1123
1210
1195
1113
1201
1119
1115
1198
1190
1206
1114
1205
1112
1096
1111
1193
1102
1109
1219
1197
1214
1191
1110
1107
1203
1199
1208
1213
1204
1099
1105
1207
1095
1202
1094
1217
1100
1090
1240
1211
1212
1218
1101
1209
1097
1091
1216
1103
1220
1093
1215
1082
1084
1092
1234
1223
1086
1224
1226
1241
1228
1089
1088
1227
1221
1085
1231
1081
1230
1225
1235
1232
1239
1087
1233
1222
1078
1229
1077
1248
1083
1256
1073
1236
1080
1079
1259
1247