15383
12497
9924
19682
20288
21716
21294
21702
17316
18235
3869
10463
6429
21694
16151
8452
19146
18381
3885
19560
14749
21616
18171
5132
15777
7557
20705
5498
810
16942
13355
19995
21367
1114
19166
21155
1674
17165
21117
7054
16385
4664
17796
7711
21711
14096
15063
9099
10753
6053
9939
12057
3585
14061
12689
3566
9481
5869
7967
11119
13482
11183
4258
20591
20167
8805
21851
2111
193
21261
2958
561
1358
11963
7040
4831
5255
2788
3137
754
6445
200
1517
2187
736
4300
2794
1103
2592
355
2375
462
1921
127
1726
1902
419
1234
56
1222
101
2272
1414
935
543
875
271
148
459
273
673
341
114
644
80
46
287
46
2
174
162
67
331
258
160
57
96
497
37
74
92
8
8
58
5
28
10
21
14
2
8
34
26
9
38
15
7
4
5
7
4
3
2
17
5
37
3
6
1
1
6
1
1
2
2
1
1
1