2080
2062
2031
2042
2055
2054
2063
2058
2073
2052
2110
2075
2086
2067
2077
2038
2065
2056
2099
2045
2024
2047
2051
2030
2034
2019
2029
2050
2085
2037
2089
2068
2048
2026
2121
2036
2059
2057
2071
2044
2076
2061
2074
2070
2025
2018
2084
2102
2028
2072
2017
2078
2012
2035
2046
2112
2149
2040
2043
2049
2088
2095
2081
2022
2091
2053
2064
2004
2020
2010
2069
2082
2087
2066
2013
2011
2060
2016
2033
2006
2039
2093
2001
2122
2002
2041
2014
2094
2107
2090
2096
2083
2027
2032
2009
2003
1998
2109
2101
2092
2015
2124
2021
2023
2097
2106
1993
2079
1991
2103
2098
1999
2104
1994
2113
2108
2000
1997
2126
2007
2008
2119
2136
2105
1996
2123
2156
2117
2118
2111
1992
2100
1983
2125
1990
2151
2115
2128
2129
1981
2137
1962
2116
2005
1973
2133
2140
1979
2130
1995
2120
1984
1989
2114
1988
1978
2134
1980
1987
1976
2147
1985
2135
2131
2132
1982
2127
1986
2142
1967
1971
2141
1977
1970
2143
1974
1968
2145
2144
1972
1960
1958
2154
2155
2150
2138
1975
1961
2139
2158
2165
2152
2146
2148
1964
2160
1959
1969
2161
1957
2163
2164
1963
2183
2153
1966
2162
1948
2171
2157
1956
1965
2159
1955
1951
2166
1953
2169
2167
2170
1952
2172