9096
15440
10470
14747
16255
16301
15066
15874
12037
16113
1357
11087
6973
13905
10334
13342
14493
16129
3132
15201
7664
15769
16247
10223
11953
5756
9745
16097
7383
12998
5959
13612
15954
8522
500
12752
15887
16264
12693
15266
10814
15616
11493
13126
8200
5485
7788
2521
9360
12265
5052
10012
3581
12342
15495
1112
18
14090
14985
15966
6096
4166
8758
6948
5137
16396
14974
1864
6108
3089
13540
8437
6446
14422
3887
3285
15837
4769
11355
2211
13610
4624
1448
454
1486
14233
4198
4245
1752
5540
3898
7937
8689
11253
2982
1670
1026
1465
2690
4952
4426
360
6489
7263
3611
1867
625
9589
441
2361
3391
1076
2176
672
993
1613
1262
891
299
2478
2698
583
92
2019
828
407
9
772
648
1192
549
2871
173
339
438
13
793
237
217
134
107
9
783
1997
37
111
59
107
174
740
563
201
358
984
335
92
141
105
272
65
29
223
99
152
127
123
249
237
53
7
21
48
80
22
42
47
20
32
23
33
6
3
4
9
11
84
49
6
56
5
4
15
26
13
6
5
4
25
7
1
2
4
6
1
7
10
2
1
1
4
4
7
3
1
1
2
2
1
1
1
2
2